0.000000000000000000e+00 0.000000000000000000e+00 0.000000000000000000e+00
8.227564350073491539e+01 -5.844552155096682355e+01 4.018374070901068507e+01
1.386834103249649104e+02 -9.679224970458182042e+01 6.707105202363445073e+01
2.220829563958597248e+02 -1.547786131314688021e+02 1.097363476661831498e+02
2.784883912407669868e+02 -1.943365081831688315e+02 1.379244442245210394e+02
3.654291572821263685e+02 -2.525313546824290540e+02 1.796755898818389880e+02
4.507882092466724089e+02 -3.091925702068010082e+02 2.235971800590888563e+02
5.062311671787334717e+02 -3.505102526883367773e+02 2.545016448892209269e+02
5.902436041654320888e+02 -4.112466172969005811e+02 2.984931015066495092e+02
6.787114608714962287e+02 -4.793223170014818493e+02 3.427674016395885133e+02
7.393776118168362927e+02 -5.243110233825769910e+02 3.703218616100452891e+02
8.308565498375181733e+02 -5.848830364106364641e+02 4.161237043722387625e+02
9.224552403988183187e+02 -6.467591550221618490e+02 4.640010362776998250e+02
9.827126808567228409e+02 -6.883057750369295036e+02 4.962233849630777058e+02
1.067816369512549954e+03 -7.545384753175849255e+02 5.443164475480099327e+02
1.158314721787299732e+03 -8.222232746971938013e+02 5.891035962776987844e+02
1.252892544180202094e+03 -8.921743273116686623e+02 6.336252770753313825e+02
1.349583233751845682e+03 -9.596217821122597798e+02 6.779715405465358344e+02
1.414187888463811532e+03 -1.003585350620385725e+03 7.081778969571654443e+02
1.510959270502215531e+03 -1.068045959896608792e+03 7.558868952437209146e+02
1.602405800251107394e+03 -1.133226151255546483e+03 8.098356201772519398e+02
1.691317645199404069e+03 -1.201840069039887339e+03 8.580120406203842549e+02
1.782696670206792987e+03 -1.270373712806506092e+03 9.050340760709069627e+02
1.874362034386996129e+03 -1.339947270871494766e+03 9.522119618168383113e+02
1.967473752038402608e+03 -1.410444787282125844e+03 9.987747315214216997e+02
2.062448256159524135e+03 -1.478901504150672963e+03 1.046488537843426457e+03
2.156361970000000838e+03 -1.545344688404727322e+03 1.096984067592326710e+03
2.249315132998517583e+03 -1.612759134815360540e+03 1.148403152924666756e+03
2.342236601610049092e+03 -1.680532574076815081e+03 1.201143372865583842e+03
2.437426403220083102e+03 -1.752671245494829691e+03 1.251555848892172207e+03
2.542088312289507485e+03 -1.821658869394395197e+03 1.299439087016257190e+03
2.679758123205318498e+03 -1.913344798316104061e+03 1.378526812762189593e+03
2.778129562200887449e+03 -1.985795789143282718e+03 1.437308520871491055e+03
2.876910852821267781e+03 -2.057520359852298498e+03 1.494272889896604738e+03
2.974268336986707709e+03 -2.129426168035452974e+03 1.550661115450520583e+03
3.105486789084197881e+03 -2.225858747311673142e+03 1.621643523087157064e+03
3.202875487045790123e+03 -2.295944705228951534e+03 1.673885662791729146e+03
3.332028427902510430e+03 -2.389853882762192825e+03 1.741665430088625726e+03
