0.000000000000000000e+00 0.000000000000000000e+00 0.000000000000000000e+00
8.201337480058901974e+01 -5.817069449039453133e+01 4.476373858197538169e+01
1.371505846676495253e+02 -9.644371422451845888e+01 7.383543673559779563e+01
2.190352381240730892e+02 -1.561376792909857727e+02 1.184229556425390086e+02
2.728018487592323140e+02 -1.939106749335249162e+02 1.466522228951270677e+02
3.568138242540574652e+02 -2.542869532643980506e+02 1.889860888330820785e+02
4.412512632496217861e+02 -3.147631807828628894e+02 2.337836518168382725e+02
4.999164798522854198e+02 -3.570993571196396488e+02 2.616418238109309300e+02
5.864085272082687652e+02 -4.181071426735547902e+02 3.058716100147721022e+02
6.741574913737021006e+02 -4.832125647562740482e+02 3.509151013737099447e+02
7.331567036779815680e+02 -5.250244955539130842e+02 3.815181968980792817e+02
8.240191560561278266e+02 -5.910284389660296256e+02 4.279942010930580523e+02
9.134270809896578385e+02 -6.555566683160991488e+02 4.774862727621871272e+02
9.717109035155023093e+02 -7.012278085967516290e+02 5.128483337075293775e+02
1.059805829601172263e+03 -7.683847003692784483e+02 5.606088724076844301e+02
1.147281812644014735e+03 -8.331861584194975876e+02 6.085724701033930160e+02
1.234981737208265031e+03 -8.998782092614467274e+02 6.566029748153667924e+02
1.323567978833078314e+03 -9.663660019350102175e+02 7.063703097488942149e+02
1.383101503545050036e+03 -1.011442318818316608e+03 7.396291473855281993e+02
1.475293274918758243e+03 -1.080049095716393367e+03 7.884525968242237468e+02
1.568134552540616141e+03 -1.148149383323486973e+03 8.374617896454924448e+02
1.660038619763661472e+03 -1.218019981698670790e+03 8.880407768685345218e+02
1.753006504534712121e+03 -1.287251404490401001e+03 9.372066154948262238e+02
1.846896268966018397e+03 -1.354885276366324661e+03 9.877158479025080169e+02
1.940736940502213201e+03 -1.422074451831608940e+03 1.035977014859675592e+03
2.037328901757754466e+03 -1.490340034460851030e+03 1.083764037193496279e+03
2.136470329940912507e+03 -1.560806247503691338e+03 1.128985942644021861e+03
2.242102941669118536e+03 -1.629290934741507954e+03 1.175298489955684317e+03
2.341223017415062259e+03 -1.700500765140325257e+03 1.228444190457903233e+03
2.437758342127025116e+03 -1.771617142186115871e+03 1.281960024180206119e+03
2.535179111787289912e+03 -1.842885902186114663e+03 1.332685854357457401e+03
2.661601224002946310e+03 -1.929837336514035542e+03 1.401661754844899633e+03
2.755773754357457165e+03 -2.000336300280649311e+03 1.453772055775482841e+03
2.851662638005903318e+03 -2.067634893574596845e+03 1.504028720679472599e+03
2.945471063382566626e+03 -2.134429446174299301e+03 1.556333550738552958e+03
3.072013477769569363e+03 -2.224870335642543523e+03 1.622369560103398953e+03
3.163298180354504439e+03 -2.297415846927621260e+03 1.671020667282124123e+03
3.290842394889216393e+03 -2.396476627592316163e+03 1.736015970649921883e+03
