1.840619453445470128e+02 -5.678023830603542592e+02 4.302827546406949182e+02
1.647923791574851577e+02 -5.765899910475764045e+02 4.474703231780379724e+02
1.519069641711207908e+02 -5.824907980546604449e+02 4.600108484205154582e+02
1.339412804441399487e+02 -5.879802014841422988e+02 4.789521628618221598e+02
1.232675574594096446e+02 -5.954855436267874893e+02 4.927980742563300964e+02
1.055920136365785851e+02 -5.968782051806811069e+02 5.129395528159991500e+02
8.811591006517056712e+01 -6.008475675935337676e+02 5.301565394168400189e+02
7.472813608215226111e+01 -6.032954819780657090e+02 5.448978449738049221e+02
5.613745795975251696e+01 -6.084541117973473092e+02 5.632904828634730166e+02
3.705797157139566878e+01 -6.089592836447285435e+02 5.809472492899577674e+02
2.420701538120789209e+01 -6.113902975156178172e+02 5.913369978239139755e+02
3.873076859797067506e+00 -6.099230984493725600e+02 6.055111273049153624e+02
-1.450781199716171166e+01 -6.113343333416386258e+02 6.150041419187775773e+02
-2.573486493383906293e+01 -6.117036927856845523e+02 6.196540559618184716e+02
-4.338055431549432939e+01 -6.089979198706753323e+02 6.335339633843965430e+02
-5.990416684079215770e+01 -6.093414724036480266e+02 6.461791988948849621e+02
-7.635173241874213090e+01 -6.077258533999283827e+02 6.594168815379964599e+02
-9.237776111452632222e+01 -6.064195851103211226e+02 6.681666919434518377e+02
-1.033110278318531101e+02 -6.046841296050785104e+02 6.740841326370849629e+02
-1.215884215478725281e+02 -6.028417451198544086e+02 6.847504220297208803e+02
-1.398922905907243148e+02 -5.985420248186626395e+02 6.952900860523036499e+02
-1.560894549311090884e+02 -5.931054189045926250e+02 7.016332157781013166e+02
-1.738539118955346510e+02 -5.881742873684760298e+02 7.114695403965198466e+02
-1.909311941435470033e+02 -5.809706969978137749e+02 7.183340595338405592e+02
-2.070084758977451997e+02 -5.762180816988486640e+02 7.238588454502940976e+02
-2.240337348012114091e+02 -5.735958377200445284e+02 7.292814946903021109e+02
-2.422308901073651839e+02 -5.698715386617783452e+02 7.383764641920060967e+02
-2.658606930777366983e+02 -5.666194183058341878e+02 7.475046955751720361e+02
-2.842636724048027190e+02 -5.583017762232217365e+02 7.523531209434568154e+02
-2.990312726701085921e+02 -5.469150049789274135e+02 7.548528206275068442e+02
-3.144348883550911182e+02 -5.349071144558944297e+02 7.575334224647905330e+02
-3.322882056639560915e+02 -5.227298840429100437e+02 7.575450726578798140e+02
-3.439928022698443328e+02 -5.124662575020875011e+02 7.546143473325199693e+02
-3.560129680685047902e+02 -5.074229735105442956e+02 7.532387129023819625e+02
-3.662138491927559016e+02 -5.034540668707281839e+02 7.505606914390398288e+02
-3.805716339345770507e+02 -4.980960929380612470e+02 7.506909777843343363e+02
-3.889419587869647899e+02 -4.906859536327932574e+02 7.520077985098504314e+02
-4.027327730763607860e+02 -4.780159099578928590e+02 7.530972588642631536e+02
