0.000000000000000000e+00 0.000000000000000000e+00 0.000000000000000000e+00
7.221007825701583727e+01 -8.789256604136781448e+01 2.332991633677596610e+01
1.194100161152148019e+02 -1.462745014032568349e+02 4.022217951255650092e+01
1.918000485228955370e+02 -2.349224389217153544e+02 6.457336598227334434e+01
2.414063986706070182e+02 -2.948575183604152699e+02 7.985051821269787808e+01
3.154296290398837641e+02 -3.850226740324994807e+02 1.042149502511052361e+02
3.906748681536184336e+02 -4.760323781093135835e+02 1.287812007385488471e+02
4.413718320679523117e+02 -5.365318751551010337e+02 1.444656939438653751e+02
5.176360875627794940e+02 -6.285404437075421811e+02 1.687965535155111070e+02
5.944301443279224486e+02 -7.195223277400357347e+02 1.935098302215661761e+02
6.464705538847916841e+02 -7.803128424224580613e+02 2.086962284933503895e+02
7.245415059084170935e+02 -8.722674192319076383e+02 2.331918476070898123e+02
8.029814448301311813e+02 -9.633418024076888742e+02 2.584973618906972206e+02
8.555158607533206805e+02 -1.025681428936493376e+03 2.748455995568660342e+02
9.343352672230444114e+02 -1.115924001713449570e+03 2.999148234268816395e+02
1.012884828330867776e+03 -1.208182156410645348e+03 3.252564141802014888e+02
1.091824270679466281e+03 -1.300305529172821707e+03 3.509008246676447698e+02
1.172785584519938993e+03 -1.392666521122606127e+03 3.758981531609982198e+02
1.226388830369273592e+03 -1.452707106602669000e+03 3.931050937666161644e+02
1.306379251152137158e+03 -1.544114033633678218e+03 4.203986275036937172e+02
1.387233315169870593e+03 -1.636203824608569676e+03 4.490528243574611906e+02
1.468561029335302464e+03 -1.727615510546537280e+03 4.781558386410652020e+02
1.548770118788772152e+03 -1.820112163131471107e+03 5.073099636484454322e+02
1.628340932466761160e+03 -1.913547022466765611e+03 5.341864910782858260e+02
1.706885163840475116e+03 -2.005009143870022172e+03 5.621705868389993839e+02
1.786254077592319391e+03 -2.097126965997049865e+03 5.899707999999984622e+02
1.866380324283602249e+03 -2.188217452186117953e+03 6.179396902215673890e+02
1.947238153515512295e+03 -2.281031991772526453e+03 6.463572184047291103e+02
2.030394326883309304e+03 -2.374380134593805451e+03 6.751545515952766436e+02
2.114378852363364331e+03 -2.467704259350075063e+03 7.052401235745884378e+02
2.199062561816836023e+03 -2.564284587075331729e+03 7.310418788183166043e+02
2.307904317991132757e+03 -2.686918416203844572e+03 7.651336712407642153e+02
2.387413294638105981e+03 -2.779539065391442819e+03 7.928928427621834771e+02
2.466526445834562765e+03 -2.872508314564262946e+03 8.215657329394371118e+02
2.545487464327914040e+03 -2.965986714342690448e+03 8.501221231314555098e+02
2.649286452348593230e+03 -3.087288601875924542e+03 8.895769795716427097e+02
2.725421745258496230e+03 -3.177723684918764320e+03 9.195551350516958564e+02
2.827496251683894570e+03 -3.298350956573121039e+03 9.589401620531730259e+02
