6.864207455806362077e+02 -2.689164914564025821e+02 1.467197778663109489e+02
6.886589562562114679e+02 -2.853574145379115521e+02 1.648979839863347934e+02
6.923909912502290354e+02 -2.990305863905452384e+02 1.743985364937506688e+02
6.977186300905212875e+02 -3.178371654849945571e+02 1.861040862870893591e+02
7.007806811420124404e+02 -3.299125700441701383e+02 1.936911786463660405e+02
7.067214621040681095e+02 -3.451634997814512644e+02 2.020621086861494575e+02
7.102242664415546187e+02 -3.590848775784052123e+02 2.116082269646700809e+02
7.133445119344861496e+02 -3.679326991882099378e+02 2.195028076568951576e+02
7.167418487140628258e+02 -3.803327179402882621e+02 2.260899961908794467e+02
7.194761753438381220e+02 -3.931025448044942436e+02 2.329648992963532805e+02
7.204712047946308076e+02 -4.005398697683212959e+02 2.390248380276192108e+02
7.213081157113167592e+02 -4.128913490123081829e+02 2.457767472949497574e+02
7.200502197846446961e+02 -4.236327588667262489e+02 2.537257475660864259e+02
7.183536730965216748e+02 -4.302296903120280831e+02 2.590175489553447505e+02
7.164295061607614343e+02 -4.425937206797347017e+02 2.636872709494470541e+02
7.126373366276899333e+02 -4.513065550724471677e+02 2.709991616688735121e+02
7.105023930414978395e+02 -4.615006235994671329e+02 2.772088697635406334e+02
7.067019947910885094e+02 -4.718061094855725059e+02 2.807114316836845092e+02
7.050561391167950660e+02 -4.771912972813995566e+02 2.811038707735106073e+02
7.028200447342186408e+02 -4.817046509129233414e+02 2.808282983006437803e+02
7.006486011335881585e+02 -4.824669251649878561e+02 2.821330666990693885e+02
6.974483260399523488e+02 -4.827226058613839541e+02 2.826364839689505857e+02
6.953002159752278430e+02 -4.801792367088021365e+02 2.873235120811634715e+02
6.919576960342471921e+02 -4.787756227766319626e+02 2.987701357443916095e+02
6.851894685196253931e+02 -4.855742817075766311e+02 3.095407991938441228e+02
6.780133308516790294e+02 -4.922732308303431523e+02 3.183673856653334155e+02
6.707358767534824437e+02 -5.010187917569139699e+02 3.265352066675678202e+02
6.631277990478134825e+02 -5.069474474639638402e+02 3.337456698492154032e+02
6.538622185021023370e+02 -5.133894752029910933e+02 3.397659539515369147e+02
6.422638005566603852e+02 -5.212006197022357128e+02 3.463082437911107263e+02
6.289340916232547443e+02 -5.253854212576300142e+02 3.559012892961446823e+02
6.155337299225459446e+02 -5.350304950776654778e+02 3.686116649100755467e+02
6.074257413413636186e+02 -5.424654653139926950e+02 3.759921397877070035e+02
5.996477421608205987e+02 -5.485713727392221699e+02 3.804780543280006668e+02
5.922895006580961308e+02 -5.514448528183690996e+02 3.848561701004188649e+02
5.788424797599783460e+02 -5.549741644638367006e+02 3.927195647744090365e+02
5.688708969746168123e+02 -5.608736063912907639e+02 3.962609713933643434e+02
5.599405877890161491e+02 -5.644660604079410859e+02 4.017860745462620571e+02
