0.000000000000000000e+00
1.400000000000000029e-02
2.299999999999999961e-02
3.699999999999999817e-02
4.599999999999999922e-02
5.999999999999999778e-02
7.499999999999999722e-02
8.400000000000000522e-02
9.900000000000000466e-02
1.140000000000000041e-01
1.239999999999999991e-01
1.390000000000000124e-01
1.549999999999999989e-01
1.650000000000000078e-01
1.809999999999999942e-01
1.970000000000000084e-01
2.129999999999999949e-01
2.300000000000000100e-01
2.409999999999999920e-01
2.580000000000000071e-01
2.750000000000000222e-01
2.919999999999999818e-01
3.099999999999999978e-01
3.280000000000000138e-01
3.459999999999999742e-01
3.639999999999999902e-01
3.820000000000000062e-01
4.010000000000000231e-01
4.199999999999999845e-01
4.390000000000000013e-01
4.590000000000000191e-01
4.859999999999999876e-01
5.060000000000000053e-01
5.260000000000000231e-01
5.470000000000000417e-01
5.749999999999999556e-01
5.959999999999999742e-01
6.250000000000000000e-01
