0.000000000000000000e+00 0.000000000000000000e+00 0.000000000000000000e+00
8.184130268832691968e+01 -6.915912217134454920e+01 4.704540906942535372e+01
1.390202560118163717e+02 -1.153070970901072769e+02 7.809805805021773040e+01
2.287629119940905014e+02 -1.818958082570226793e+02 1.239239160118112437e+02
2.867940908714871853e+02 -2.251016554505151532e+02 1.564193243131439033e+02
3.737139180649866717e+02 -2.893970750960082796e+02 2.055583570901052610e+02
4.592590583308756322e+02 -3.588369560856761495e+02 2.539703359379578274e+02
5.185469618316096785e+02 -4.059013528951289231e+02 2.855695892466746955e+02
6.071265516691325956e+02 -4.773474262776982755e+02 3.325162729098972818e+02
6.993266416986706417e+02 -5.464629338404721466e+02 3.797711639143196862e+02
7.621870675775452355e+02 -5.905839569128506810e+02 4.113227831166835244e+02
8.506346252584959302e+02 -6.571929722895098394e+02 4.609597775480019095e+02
9.407124587296882510e+02 -7.295067577843451545e+02 5.105932174298351924e+02
1.002955960871494653e+03 -7.784352929542138781e+02 5.428262069128518306e+02
1.098848753633675415e+03 -8.475174750517053326e+02 5.913581323190529702e+02
1.193579554017724149e+03 -9.124966939438727422e+02 6.438023298375126160e+02
1.287294500059088477e+03 -9.805551964106397236e+02 6.962366403397289787e+02
1.380389685036928768e+03 -1.050690209113734682e+03 7.487528827474075115e+02
1.442175749172822634e+03 -1.098691970457906564e+03 7.792411664697143578e+02
1.540310958611521755e+03 -1.167301266218610408e+03 8.271725516395805471e+02
1.638961345288036910e+03 -1.235892486602661165e+03 8.764528531905389173e+02
1.733993844903986201e+03 -1.305598993707535328e+03 9.270791832053150756e+02
1.828097043441658570e+03 -1.377703180132935586e+03 9.783409392762148400e+02
1.924958129054646861e+03 -1.452462174844903302e+03 1.035914965184638959e+03
2.017779653574594477e+03 -1.530807429940921566e+03 1.088692896809448484e+03
2.118356687119648086e+03 -1.604649363338254716e+03 1.138226966469714398e+03
2.214358876277691706e+03 -1.671076913338255054e+03 1.191047067282118860e+03
2.305955282688332318e+03 -1.742628830960121832e+03 1.244369705199402688e+03
2.398174667326440158e+03 -1.817277082599711093e+03 1.296366504209748882e+03
2.493011938833085424e+03 -1.892905858641064469e+03 1.347027000694232811e+03
2.590997030576067118e+03 -1.965017187946825061e+03 1.397316116336778578e+03
2.723165753884785772e+03 -2.057079144475631892e+03 1.463899776100434565e+03
2.820206741344159127e+03 -2.125145445450519219e+03 1.514500060443132725e+03
2.918442444933527895e+03 -2.194665582599710433e+03 1.563056897252582758e+03
3.022891607282128007e+03 -2.264794378286557730e+03 1.609948910989660362e+03
3.164422879497783015e+03 -2.357431687237819915e+03 1.679204420221561804e+03
3.265478709630718640e+03 -2.429850255096010642e+03 1.734529638138839573e+03
3.395730282333827290e+03 -2.525816816898081015e+03 1.808176560974884751e+03
