2.520190285081924628e+02 -7.143872436771464436e+02 6.134187283901439969e+02
2.305792007948918183e+02 -7.108289785266911167e+02 6.281101569760060102e+02
2.145393388539896762e+02 -7.078071502267939650e+02 6.372262816948411910e+02
1.880876293959874488e+02 -7.053325085599946078e+02 6.509880751005745196e+02
1.734137780159067574e+02 -7.062433506819673994e+02 6.574077768382586555e+02
1.500810355781653698e+02 -7.079964874812451399e+02 6.702367700824911481e+02
1.300129824886475092e+02 -7.023346052139349922e+02 6.819521811873966044e+02
1.163002062407706774e+02 -6.955924094519817800e+02 6.899456224847795056e+02
9.508117788006140358e+01 -6.886267131789571749e+02 7.003278594851136631e+02
7.127793904507132083e+01 -6.848836530465684973e+02 7.106171845896599280e+02
5.405185542264616316e+01 -6.829028597485599903e+02 7.189349253309726464e+02
3.587468482651796364e+01 -6.781793569584108354e+02 7.288259802464148152e+02
1.571076353876221354e+01 -6.712999757519567083e+02 7.386472195297728831e+02
1.452031226545601905e+00 -6.659819751862014527e+02 7.467347978551534879e+02
-2.123231313463798742e+01 -6.613961383680906465e+02 7.556497141986820907e+02
-4.299355975645616468e+01 -6.624997975978707245e+02 7.624004729866136358e+02
-6.300864340264039498e+01 -6.583911712072044793e+02 7.706743901375338055e+02
-8.066478952602932395e+01 -6.507576679251145606e+02 7.751157548427237316e+02
-9.261812130117334618e+01 -6.462341911073585834e+02 7.807326457919165250e+02
-1.139607149685459291e+02 -6.428295071729825167e+02 7.884798163877541128e+02
-1.335472552665166290e+02 -6.396022953762276302e+02 7.959951537582479659e+02
-1.507952428218559646e+02 -6.322201655481038642e+02 8.019167988406381937e+02
-1.679965174078961638e+02 -6.239119682649140941e+02 8.058881778962722819e+02
-1.835102627975314249e+02 -6.136291121657926624e+02 8.048205769181179221e+02
-1.956800126991908542e+02 -6.022443255868677170e+02 8.068155030420396088e+02
-2.139841992732931431e+02 -5.929755836326679628e+02 8.096665927578945912e+02
-2.313501057462756307e+02 -5.907771100515158196e+02 8.093288901423865127e+02
-2.463678871107148609e+02 -5.850691628810853899e+02 8.131488595015873670e+02
-2.580326031814308863e+02 -5.751785753075274670e+02 8.163610902139967038e+02
-2.697641755527005216e+02 -5.672208488466532117e+02 8.188431102706813363e+02
-2.825511179054485069e+02 -5.605246919817022899e+02 8.203512728463209669e+02
-3.004432573181649673e+02 -5.530008935098531992e+02 8.237748270265770998e+02
-3.104363310811602332e+02 -5.439322747277577719e+02 8.235399549605417633e+02
-3.217416896754540403e+02 -5.337913524485579728e+02 8.201202874149694253e+02
-3.392637322671756124e+02 -5.261157626478916427e+02 8.180342420783427997e+02
-3.657724346259863637e+02 -5.134620853634197601e+02 8.169460465486711200e+02
-3.797558900756397406e+02 -5.084401197493497762e+02 8.085243347967133332e+02
-4.034273037718102728e+02 -5.054450909388077662e+02 8.185151000783187101e+02
