0.000000000000000000e+00 0.000000000000000000e+00 0.000000000000000000e+00
8.815358855243221115e+01 -6.979105209749585015e+01 3.737510954209080438e+01
1.497121875923133132e+02 -1.152221294977872219e+02 6.321188189068706009e+01
2.440313952289508848e+02 -1.831333040915861261e+02 1.020340373855198663e+02
3.068600236779872716e+02 -2.292635133382600259e+02 1.288378902067873923e+02
4.039238221270314284e+02 -2.977281571048738442e+02 1.690937542392919681e+02
5.011279483456381172e+02 -3.667239548892186463e+02 2.116541630576047908e+02
5.662705310635155911e+02 -4.128843377548037097e+02 2.396646712850793790e+02
6.657863696750360987e+02 -4.845810384933611772e+02 2.834752800590810580e+02
7.662316847858180608e+02 -5.584664297784373730e+02 3.268786598375213543e+02
8.340763130576012827e+02 -6.078993780059107621e+02 3.554002514475586167e+02
9.399914232200907236e+02 -6.823605444165511926e+02 3.986262383013270210e+02
1.046128145834564521e+03 -7.598254105465333623e+02 4.437846071639560250e+02
1.115451092791724250e+03 -8.104077410044338876e+02 4.767541922156532905e+02
1.219645997725252982e+03 -8.882005795125575105e+02 5.222646327326416440e+02
1.324713087695718286e+03 -9.670522918611532077e+02 5.660824887149177584e+02
1.432818231196449915e+03 -1.047002922200892726e+03 6.071850840915758454e+02
1.545860966676517592e+03 -1.124533517415074357e+03 6.481240645347070313e+02
1.621234004977840868e+03 -1.174911067237815814e+03 6.761508276218562514e+02
1.736949335391430850e+03 -1.246518025081245696e+03 7.189124279763613004e+02
1.850864852939436787e+03 -1.316945350871492565e+03 7.675116202954193341e+02
1.963467546011819195e+03 -1.388602882289515719e+03 8.148412588183139178e+02
2.077040393220091573e+03 -1.458966368552437643e+03 8.616134819645457128e+02
2.190024484268829838e+03 -1.529801286927627871e+03 9.094560791285028927e+02
2.303097475701621079e+03 -1.601717155967504368e+03 9.569180638257042801e+02
2.417224016927617868e+03 -1.674922941669135071e+03 1.006410622511077804e+03
2.535199447769571634e+03 -1.748688478286564532e+03 1.056402504165432674e+03
2.652789704254063508e+03 -1.821376915642543736e+03 1.107477705391430618e+03
2.767779462703098034e+03 -1.893009171152143381e+03 1.157662843397336701e+03
2.881844305982275273e+03 -1.963654790516993671e+03 1.206280477355984203e+03
2.998884215583459991e+03 -2.032716547666178712e+03 1.255961112230423623e+03
3.156257836115212740e+03 -2.122539216839000346e+03 1.324562528035443393e+03
3.273125032407683648e+03 -2.190354351403253986e+03 1.374470431964546606e+03
3.392507921152139716e+03 -2.255505748478582063e+03 1.422164665701622425e+03
3.510007050901030652e+03 -2.320163594254061536e+03 1.470525241477098461e+03
3.666596936838990132e+03 -2.403883872437226273e+03 1.533554729867061042e+03
3.784143523559821006e+03 -2.464565270162483557e+03 1.582402633825704015e+03
3.936626490059082698e+03 -2.546711836676521216e+03 1.647170390192023433e+03
