6.645308253504472304e+02 -1.779785815552616270e+02 2.264693260734802891e+02
6.537771335434136972e+02 -2.058263140148858099e+02 2.687175711210238092e+02
6.439609101914660414e+02 -2.263573197308854503e+02 2.952217350791684680e+02
6.283641745457898651e+02 -2.550823388114713737e+02 3.339372499643904462e+02
6.170663122455267739e+02 -2.732099266837460618e+02 3.579868247708855620e+02
5.970530294893050041e+02 -3.001189246368863905e+02 3.923322647773651397e+02
5.758914582634147337e+02 -3.247997073137264010e+02 4.229979585533873205e+02
5.613071145784531382e+02 -3.420191033460797598e+02 4.428967303534256530e+02
5.360442673346661877e+02 -3.635142809344258694e+02 4.694676802915440703e+02
5.089188762073902126e+02 -3.827873190395598613e+02 4.958484640465914026e+02
4.900230388844056506e+02 -3.957120964409124326e+02 5.134345222116689911e+02
4.593675885992003032e+02 -4.148876375744337111e+02 5.401939962842373006e+02
4.301623119834227396e+02 -4.319895896676198959e+02 5.643062281194291927e+02
4.115303287248423771e+02 -4.422938780437045239e+02 5.774688499538692668e+02
3.828809500355964701e+02 -4.575011942320737717e+02 5.994833572537067994e+02
3.546823605790261809e+02 -4.695441738846153044e+02 6.224659075261763519e+02
3.240806654606593611e+02 -4.831196431701629876e+02 6.475828261440518645e+02
2.906219184088646443e+02 -4.936231300513030078e+02 6.712148422509959573e+02
2.655736846329411946e+02 -5.010769981226517302e+02 6.857446937590633524e+02
2.324545384264035874e+02 -5.219097992297402016e+02 7.068516789698105640e+02
2.025606662442470167e+02 -5.364664115592810276e+02 7.217496621733849906e+02
1.713770978921108963e+02 -5.498088010074159229e+02 7.359228625230751959e+02
1.401400727088817746e+02 -5.663864357666941487e+02 7.502582292036277067e+02
1.127049098452212661e+02 -5.822701210108256191e+02 7.632521349897208438e+02
8.691634038388451700e+01 -5.946242798219950600e+02 7.766671057446487794e+02
6.123194612664795500e+01 -6.033077090681467780e+02 7.873198170930911601e+02
3.100375308542524166e+01 -6.101958873515951609e+02 7.963375395347388803e+02
2.159372660806953004e-01 -6.177606829561742643e+02 8.049267203794373700e+02
-2.703093324147048193e+01 -6.281058641594272558e+02 8.139876226133590080e+02
-5.328887401004644175e+01 -6.386141944255501812e+02 8.237334710472183588e+02
-8.109694136408535314e+01 -6.488715974170953587e+02 8.315959250753699052e+02
-1.164220886157788897e+02 -6.638753029951850522e+02 8.397633565334908781e+02
-1.381402229163183790e+02 -6.737919752694475619e+02 8.476534640641640408e+02
-1.607855426021734502e+02 -6.820532339647820663e+02 8.552377919224537663e+02
-1.810764038390204860e+02 -6.876575848536716649e+02 8.610841341951017966e+02
-2.085535813898990511e+02 -6.915053118507746603e+02 8.689766067675204795e+02
-2.323657227582735061e+02 -6.946806958002977126e+02 8.721782609467401244e+02
-2.630145313492478749e+02 -6.985599255672480012e+02 8.773343613897703790e+02
