0.000000000000000000e+00 0.000000000000000000e+00 0.000000000000000000e+00
7.675669449040408665e+01 -9.389510816838843255e+01 2.619680243722600466e+01
1.284049862333792760e+02 -1.562304828064958144e+02 4.294535060561452156e+01
2.050481284047291695e+02 -2.508028087887695676e+02 6.892514063515771738e+01
2.568478221713428979e+02 -3.130893146233391917e+02 8.539557432791895053e+01
3.344443558345660676e+02 -4.064560140324944655e+02 1.110037718020629427e+02
4.122717879320560996e+02 -4.993403209453422278e+02 1.384284940472665539e+02
4.640726883604183968e+02 -5.622609333234858013e+02 1.563321014327919443e+02
5.415981604431340202e+02 -6.569577576957113934e+02 1.831692952437205406e+02
6.212091214623383166e+02 -7.520102137813902345e+02 2.090226891432743059e+02
6.721497753766617507e+02 -8.166287668094516903e+02 2.292701761595239418e+02
7.491615437518506724e+02 -9.110027835745870561e+02 2.591134798227462852e+02
8.257671915657355157e+02 -1.005603895273261628e+03 2.886044670901047766e+02
8.774630093796138226e+02 -1.068292787592317381e+03 3.096018578581986276e+02
9.565738012703146751e+02 -1.162521022319049280e+03 3.397177344165438626e+02
1.036328896026584289e+03 -1.257538136056128678e+03 3.720393428655859225e+02
1.117665040635153673e+03 -1.353107246410637117e+03 4.050556501329412527e+02
1.200659477237812325e+03 -1.448525111742980243e+03 4.384758182717863519e+02
1.255299864741507463e+03 -1.513921895435745228e+03 4.603857584047243563e+02
1.340251734446085038e+03 -1.609309534564251635e+03 4.912249647858189405e+02
1.423390653323491733e+03 -1.705031186942392878e+03 5.244144448596761094e+02
1.509476326617434552e+03 -1.802183083943863267e+03 5.542414000590823662e+02
1.596692416292468124e+03 -1.899921883072378023e+03 5.867903425553922716e+02
1.684040043515512934e+03 -1.999918273160997614e+03 6.178259094682352952e+02
1.767699956322011076e+03 -2.099813141935008844e+03 6.495390089660234025e+02
1.850186927296901104e+03 -2.197638378271785768e+03 6.795720540029560652e+02
1.931775016661745212e+03 -2.295119433353025670e+03 7.100353016838928397e+02
2.014304676248159240e+03 -2.390826921580501221e+03 7.413547225258450908e+02
2.099185629069424067e+03 -2.486097687887733628e+03 7.716309029837539128e+02
2.185501962407685824e+03 -2.582947642717871986e+03 8.020025189512574570e+02
2.269477357813882463e+03 -2.680948732333823500e+03 8.325733349187620433e+02
2.375253366011817434e+03 -2.814970641875916954e+03 8.670446692023574542e+02
2.455498219143279584e+03 -2.913304270679467209e+03 8.930996289807920903e+02
2.535092414593800640e+03 -3.008466840073848289e+03 9.204318175627707888e+02
2.615284459896603948e+03 -3.106574053692762845e+03 9.464768976366331117e+02
2.722984960546524690e+03 -3.226517081078287447e+03 9.862907828951183546e+02
2.797729655494831604e+03 -3.316617708419499650e+03 1.019935070723776676e+03
2.900981573988187847e+03 -3.438991262511076911e+03 1.060658770620379528e+03
