9.024778910727519587e+02 -5.399510345875690973e+02 2.709465349417104107e+02
8.985367462722661003e+02 -5.354360270802221748e+02 2.761979782819144020e+02
8.952910485136737861e+02 -5.347879851795909190e+02 2.810563464544468957e+02
8.914269956567869713e+02 -5.353733844649246976e+02 2.877612942494048980e+02
8.884228426849261950e+02 -5.371143799844880959e+02 2.932373870850400976e+02
8.842734114415806062e+02 -5.396440506318513144e+02 3.004432887318668008e+02
8.794049111941491219e+02 -5.435212440848185906e+02 3.057498991184232864e+02
8.780272509660684364e+02 -5.460667070681281530e+02 3.095988639129442959e+02
8.751688107543490105e+02 -5.494801642954708996e+02 3.152403910593620253e+02
8.693923401413954934e+02 -5.538388491648086074e+02 3.214794631699940624e+02
8.691763720129374633e+02 -5.548221034013447479e+02 3.230572538631594171e+02
8.677986353030297551e+02 -5.578933177251026336e+02 3.259429214498243823e+02
8.654883891977341364e+02 -5.608700903297180957e+02 3.282393098760902603e+02
8.632839685606635385e+02 -5.635613223975766459e+02 3.295660595259999468e+02
8.576424276363356967e+02 -5.683591704121555495e+02 3.318216890146331934e+02
8.506769624247579031e+02 -5.711163009091782214e+02 3.333891623702843390e+02
8.426567981197289328e+02 -5.763220984828028577e+02 3.329958319571980496e+02
8.345924233328636319e+02 -5.796710326054990219e+02 3.322246555362397089e+02
8.278032109244696812e+02 -5.797328776873289371e+02 3.327765959113956455e+02
8.166730414853616367e+02 -5.845147389010751340e+02 3.348007717935851133e+02
8.078887669076774500e+02 -5.886901101707851467e+02 3.361166645777040003e+02
7.957684024822565334e+02 -5.910536306556850832e+02 3.400747095781539429e+02
7.839858185352974260e+02 -5.941288221048488367e+02 3.415921921249085926e+02
7.711415168864918996e+02 -5.951540119530839092e+02 3.443699142741874084e+02
7.621181655744505861e+02 -5.973099197727805176e+02 3.460091194519695250e+02
7.528550580560308845e+02 -6.004863458947953632e+02 3.492639556469450781e+02
7.458040192342083401e+02 -6.044626987360646808e+02 3.521064225597514223e+02
7.362082275387256232e+02 -6.089966617470125811e+02 3.518691622175526845e+02
7.268995852999056524e+02 -6.125141412441006423e+02 3.529629471576342894e+02
7.170401152346307754e+02 -6.131184004824420981e+02 3.543018620804127181e+02
7.078141842095245693e+02 -6.118767238865719946e+02 3.563363465286892051e+02
7.005212181333021135e+02 -6.056570754914683903e+02 3.663702306967779236e+02
6.905664268801504022e+02 -6.048961128091065120e+02 3.770874099098197121e+02
6.785547056761015483e+02 -6.087844359274743056e+02 3.845589945349478285e+02
6.676497173746084854e+02 -6.120474393455415338e+02 3.919266787288314617e+02
6.547076627528746258e+02 -6.227449939594919215e+02 3.985180753575949666e+02
6.471185259056568384e+02 -6.294184928253171165e+02 3.987137237553131968e+02
6.343091517054300539e+02 -6.344463998637922941e+02 4.012711973485002659e+02
