0.000000000000000000e+00 0.000000000000000000e+00 0.000000000000000000e+00
6.052616973412037282e+01 -8.574301686853773674e+01 2.354944930576954576e+01
1.016881185081180945e+02 -1.433520698670553770e+02 3.928305183161275949e+01
1.632898068242191982e+02 -2.306064712998486925e+02 6.326531809453958033e+01
2.053228683013282705e+02 -2.886976064106296462e+02 7.948196988183185852e+01
2.693737823042773698e+02 -3.770820362333754474e+02 1.047235557607120882e+02
3.323847912850791317e+02 -4.646976294534719614e+02 1.314195755391451712e+02
3.761630051994064843e+02 -5.231800098965961752e+02 1.494506409010358539e+02
4.421060882127051741e+02 -6.122582809305692990e+02 1.757869778729732104e+02
5.097034537518474622e+02 -7.019283072378119641e+02 2.018518336336835830e+02
5.533922102954225011e+02 -7.631202805760671026e+02 2.210077577400352311e+02
6.193957598966019304e+02 -8.537640868537674805e+02 2.484474077252586710e+02
6.882907449187586053e+02 -9.451005012703060402e+02 2.777277382570213149e+02
7.339848614918745398e+02 -1.005737620841948001e+03 3.000559333825762565e+02
8.069657594386998198e+02 -1.100154355450514231e+03 3.315900560856779862e+02
8.771301764697200269e+02 -1.193181968596750949e+03 3.639360487592336426e+02
9.472647679911331124e+02 -1.288636550620376283e+03 3.952616182274837229e+02
1.018295340516982378e+03 -1.382583331831604255e+03 4.260849830723793730e+02
1.065106796838992750e+03 -1.446017762097491186e+03 4.471273581240766930e+02
1.135145216750368718e+03 -1.540259374992608855e+03 4.790661574003008241e+02
1.206232643943870471e+03 -1.633859180118164886e+03 5.112180926440256030e+02
1.277432203205320093e+03 -1.727696450886258390e+03 5.432977367503771120e+02
1.347729403220086624e+03 -1.822611800886256560e+03 5.752110177843489964e+02
1.414751066957164994e+03 -1.914836654313147392e+03 6.065032164844961926e+02
1.479670672378132622e+03 -2.007878008094537336e+03 6.389527857607166652e+02
1.544777114386996800e+03 -2.099471696573113604e+03 6.773413113884811310e+02
1.614911964652876350e+03 -2.191881975169860652e+03 7.174623775036966435e+02
1.687445444800584937e+03 -2.284515191063516340e+03 7.562115852584930735e+02
1.762475451565733692e+03 -2.380756592141804049e+03 7.951454433234948738e+02
1.835952269350074630e+03 -2.475844642348590696e+03 8.341306468833081453e+02
1.910979890457904730e+03 -2.570712135228944135e+03 8.729239582717932535e+02
2.012432870280645830e+03 -2.698178861521413182e+03 9.232443821270362605e+02
2.087669222156574961e+03 -2.794544754091582945e+03 9.617559312555465567e+02
2.163765012747417586e+03 -2.890903159350069018e+03 9.993557981683893559e+02
2.239554454327910207e+03 -2.987328504313139547e+03 1.036242990502218390e+03
2.339761003825698936e+03 -3.116476824106348431e+03 1.087337297134417668e+03
2.415219019527322416e+03 -3.211732284431313929e+03 1.125174949054662648e+03
2.515033100635148912e+03 -3.338518016484491454e+03 1.175467121152142681e+03
