4.596716445772401016e+02 -5.343042567507671947e+02 -1.511471715508255897e+02
4.624630073176535348e+02 -5.387758416840355267e+02 -1.684485539469774551e+02
4.633475634985940133e+02 -5.402986783109062117e+02 -1.804981748109871660e+02
4.643042397928558103e+02 -5.460015046923236923e+02 -1.967290878772153064e+02
4.646528679136566211e+02 -5.484483501162857237e+02 -2.065873542301219459e+02
4.646795680033181384e+02 -5.516819927139839592e+02 -2.203885108761258778e+02
4.645829969630491405e+02 -5.527862660366209866e+02 -2.351066848677662904e+02
4.639960564057855663e+02 -5.552269266381297257e+02 -2.438666966819055801e+02
4.612747269406482360e+02 -5.547720372780479465e+02 -2.551319159583127032e+02
4.568231452671923307e+02 -5.533037573888246925e+02 -2.659569599784301204e+02
4.552345826132640241e+02 -5.514981813618114757e+02 -2.755720135012906553e+02
4.522429408564792652e+02 -5.493670678972346195e+02 -2.882171921684702625e+02
4.464093665549431194e+02 -5.448821059261399569e+02 -3.020613043225497449e+02
4.430576957659752111e+02 -5.427400701945065293e+02 -3.146932416447730247e+02
4.339359337511144190e+02 -5.372447783676367408e+02 -3.300275691538765273e+02
4.256008776799109796e+02 -5.316486289009575330e+02 -3.447463282671786260e+02
4.180049444431703591e+02 -5.238970746308539219e+02 -3.594910649728086014e+02
4.087533347609258954e+02 -5.174870134037787466e+02 -3.737106544013579992e+02
4.032975071392018549e+02 -5.117042807253029650e+02 -3.832596262991704066e+02
3.950595737288742271e+02 -5.039542917302141518e+02 -3.993724118188981720e+02
3.857819158456903779e+02 -4.953587918652153235e+02 -4.159850208230255362e+02
3.767267857477272059e+02 -4.869353817387250274e+02 -4.334280725167213859e+02
3.683693418916926703e+02 -4.776292589663989929e+02 -4.515868890736222738e+02
3.625479121888131999e+02 -4.708928766860241240e+02 -4.704645947779608832e+02
3.581233321844430293e+02 -4.647912725960347302e+02 -4.909688865801493307e+02
3.540895842068895831e+02 -4.620716777508226301e+02 -5.149418327991359092e+02
3.472909205329058295e+02 -4.594382697969443825e+02 -5.385747904239805166e+02
3.382751378813408678e+02 -4.566556282812790073e+02 -5.594422093474998974e+02
3.263762712010574774e+02 -4.515696234883110947e+02 -5.791845472569822277e+02
3.161538722981035789e+02 -4.468154536513839616e+02 -5.974036487822097570e+02
3.042507117520277689e+02 -4.424329962459226522e+02 -6.140467080880656567e+02
2.879461379942566168e+02 -4.357494284960753816e+02 -6.333781853097094654e+02
2.776880579692930837e+02 -4.298230399047096739e+02 -6.481381649928761135e+02
2.658304739103875249e+02 -4.243926700459932135e+02 -6.614206309077543438e+02
2.546741749800345076e+02 -4.176755355269814345e+02 -6.727736131344304340e+02
2.389423481757874868e+02 -4.080503462177132405e+02 -6.871206190874355570e+02
2.277307155671372527e+02 -4.011425233716573189e+02 -6.964044768480201810e+02
2.135883357237727864e+02 -3.914716268010560611e+02 -7.076679299803599861e+02
