0.000000000000000000e+00 0.000000000000000000e+00 0.000000000000000000e+00
7.114241249630886443e+01 -8.978673481536159784e+01 2.353234694239083424e+01
1.173492662481568232e+02 -1.484654906646990185e+02 4.020918254061776054e+01
1.891078561595317638e+02 -2.391168878138840910e+02 6.428718251107223125e+01
2.388424769276301447e+02 -2.999037040768071734e+02 7.958118627769340492e+01
3.127931539290989349e+02 -3.912801000590781086e+02 1.035213519349980373e+02
3.867643124815360807e+02 -4.817707213293876976e+02 1.273807134859676040e+02
4.357844267356011301e+02 -5.455148221122589121e+02 1.457160069719336093e+02
5.120070577843438286e+02 -6.392420254948291358e+02 1.705737264106262217e+02
5.891134675036953467e+02 -7.309313440472654975e+02 1.935926380945258245e+02
6.377759947710480901e+02 -7.919603838257028201e+02 2.110872030280597471e+02
7.135457391580569038e+02 -8.875620287887735458e+02 2.395419703840441059e+02
7.903794249187676542e+02 -9.828133863220083413e+02 2.677105556573100102e+02
8.413780094239373284e+02 -1.046089469911375318e+03 2.838245790694203379e+02
9.166895235745977288e+02 -1.139563133751850046e+03 3.105399929098970233e+02
9.948198363220114970e+02 -1.232235731875917736e+03 3.387801553618861021e+02
1.072448528567213316e+03 -1.323770425701619160e+03 3.677815265140266661e+02
1.154185634593800842e+03 -1.418869134623331774e+03 3.956065604726658194e+02
1.210332981093064973e+03 -1.484975051935007968e+03 4.106258365731105755e+02
1.289586234165437418e+03 -1.579553860797633206e+03 4.322486654652830680e+02
1.368268401728217896e+03 -1.674106573323484554e+03 4.576456107680909327e+02
1.448001408242254001e+03 -1.770065689704579427e+03 4.831986657163872110e+02
1.528836993530285099e+03 -1.863769905613000901e+03 5.081965581092988486e+02
1.608032502511081020e+03 -1.957352054579023616e+03 5.345655383013280471e+02
1.687918654800598233e+03 -2.049642194623332671e+03 5.597511350073816629e+02
1.767503499586411863e+03 -2.140648797400293461e+03 5.850245829689805532e+02
1.846146057740029391e+03 -2.234004230930572703e+03 6.123694117577515499e+02
1.926102650354509024e+03 -2.331474743781388952e+03 6.407632236632156264e+02
2.006401820531761587e+03 -2.429691443870016883e+03 6.720542648005823594e+02
2.091287909837518782e+03 -2.525133767267353960e+03 7.030595466617402280e+02
2.172305760576073226e+03 -2.614153999246673720e+03 7.422601716248067305e+02
2.282762814224518024e+03 -2.743589590487443729e+03 7.957085684047207224e+02
2.371953150871496746e+03 -2.849833827415066480e+03 8.295236309453391641e+02
2.468148033589370243e+03 -2.954313019807976161e+03 8.532899655095943672e+02
2.563788625214185231e+03 -3.048495922570157745e+03 8.744038038256986738e+02
2.686844007666175912e+03 -3.166335112791723077e+03 9.056260316100414229e+02
2.773454302525851290e+03 -3.254464065701623895e+03 9.317290990546465537e+02
2.887213241565735188e+03 -3.372021628847852298e+03 9.666978534268774865e+02
