7.393876832079076848e+02 -4.203929793123808167e+02 1.086942322709069373e+02
7.459946192292675278e+02 -4.306143822692982894e+02 1.182898225346848591e+02
7.528804741931637636e+02 -4.385747567638302939e+02 1.223603311961199012e+02
7.597411418222236534e+02 -4.473849634498938030e+02 1.304329924560450422e+02
7.630490358938114923e+02 -4.521019747509471358e+02 1.366752492614347716e+02
7.670462255659462016e+02 -4.582458123063324820e+02 1.459888879144535849e+02
7.679440976764800553e+02 -4.652375675043219303e+02 1.569442047142981949e+02
7.687472834369739303e+02 -4.696626696575701203e+02 1.626541619772047511e+02
7.680908117336940677e+02 -4.763263838791007174e+02 1.722845347219619612e+02
7.665221679013105813e+02 -4.862893179062436957e+02 1.855176405754102404e+02
7.677042933708750070e+02 -4.924725276040881567e+02 1.913585223755048901e+02
7.699735763414022358e+02 -4.966024925498794573e+02 1.945703922773405168e+02
7.677333289002052652e+02 -4.996625868627465366e+02 1.979176267449044531e+02
7.671114024524985098e+02 -5.040031744330880770e+02 2.074760312620118157e+02
7.680321318420650414e+02 -5.220110346583653609e+02 2.238940318257804734e+02
7.653745428324162958e+02 -5.410927982984438813e+02 2.283243199114811546e+02
7.638598455617216132e+02 -5.568341191978463485e+02 2.301863173424565048e+02
7.565909254520626064e+02 -5.677894315181312095e+02 2.346094737820821763e+02
7.508546348702545856e+02 -5.729387495174041760e+02 2.399677433519604222e+02
7.470002136657374194e+02 -5.830769023769474870e+02 2.474431947649574397e+02
7.444146642594464538e+02 -5.903722865169669376e+02 2.523162111409081376e+02
7.423275820579551691e+02 -5.948720940227178744e+02 2.557767475105889048e+02
7.361537044809180088e+02 -5.975271478969550571e+02 2.598258567764573286e+02
7.348338938200834036e+02 -5.958091723245341882e+02 2.628749543548242968e+02
7.328900992146091085e+02 -5.892157630991637234e+02 2.667772110501368275e+02
7.293783686585243231e+02 -5.783996034867801654e+02 2.752968368515676048e+02
7.229970178673216878e+02 -5.718548837719789617e+02 2.910558604196049259e+02
7.132974623619351178e+02 -5.681434134032480188e+02 3.059535778055237074e+02
7.026235518229603940e+02 -5.653802008450290941e+02 3.183029638877999332e+02
6.883561564310783751e+02 -5.660407593008366121e+02 3.296914488495437467e+02
6.764568161593225568e+02 -5.708566704420854876e+02 3.355572809010261039e+02
6.597447312092601805e+02 -5.713762383594549874e+02 3.412438726624814649e+02
6.424862260759707624e+02 -5.667484178969543791e+02 3.487519886907532509e+02
6.214567063912649019e+02 -5.648296048948241150e+02 3.625214945566977462e+02
6.027973031811552573e+02 -5.699176069120088641e+02 3.764258906531899243e+02
5.766061635831750891e+02 -5.790354082131216273e+02 3.938021115865736874e+02
5.575464644439066433e+02 -5.885307486289841563e+02 4.067691643525217273e+02
5.368088185877583101e+02 -6.031258356023245142e+02 4.181123911783058134e+02
