0.000000000000000000e+00 0.000000000000000000e+00 0.000000000000000000e+00
6.463226615952532939e+01 -8.938605366321142753e+01 2.305185477104192060e+01
1.070560790546525709e+02 -1.504342421861082357e+02 3.960485744460162749e+01
1.707776628360372229e+02 -2.413420056868509391e+02 6.481553060560626989e+01
2.140601607385484897e+02 -3.029982159822681638e+02 8.060550050221195306e+01
2.800386910339739757e+02 -3.965217869719259625e+02 1.050497764992603891e+02
3.456191868833096805e+02 -4.904327794239250693e+02 1.284294570753309586e+02
3.895464175627805048e+02 -5.528977036484432119e+02 1.439703561742965405e+02
4.558941758050194721e+02 -6.460518668980759003e+02 1.663834929394326139e+02
5.216856786853740005e+02 -7.388928109601160941e+02 1.899728622304212990e+02
5.654407253323518034e+02 -8.012228454948211720e+02 2.070578436189001081e+02
6.308917461004377856e+02 -8.942133691580479535e+02 2.334082314180226660e+02
6.985150942097494635e+02 -9.871358510487450530e+02 2.586651775184569146e+02
7.443222711373684888e+02 -1.049822009896601685e+03 2.762218054652870478e+02
8.149075313589305551e+02 -1.144177428124074595e+03 3.026678904874377167e+02
8.866442081536225714e+02 -1.240473281654357834e+03 3.308338680354518715e+02
9.559563319940891688e+02 -1.331187094283603301e+03 3.582704286705993013e+02
1.028950024667648449e+03 -1.423462101122598369e+03 3.840916782717819729e+02
1.077339512747409799e+03 -1.486364417932052220e+03 4.022479477104888019e+02
1.148928065376660697e+03 -1.579805117799108757e+03 4.311628810191985508e+02
1.221238294032491694e+03 -1.673510334992607341e+03 4.589503618463799626e+02
1.293008142008858385e+03 -1.766765542259961421e+03 4.893708713146223204e+02
1.365690062629251315e+03 -1.859387456691277976e+03 5.193482676514043987e+02
1.438786648626292845e+03 -1.953392108641056211e+03 5.506356614771027580e+02
1.512980862348591472e+03 -2.048743169409151506e+03 5.856299538847808890e+02
1.589282640147707980e+03 -2.145100843766613707e+03 6.205507936041346966e+02
1.666207361624809892e+03 -2.242271963087145195e+03 6.561170646528757970e+02
1.743011038020675414e+03 -2.338682888714918590e+03 6.907835737666133582e+02
1.820198286454943400e+03 -2.435394628966019809e+03 7.246475618463763340e+02
1.897516169793205790e+03 -2.532841460945344807e+03 7.598213904874382933e+02
1.974485453663215594e+03 -2.629405903722299627e+03 7.947446338109317594e+02
2.077422126233381732e+03 -2.759939838050215258e+03 8.416152269423912458e+02
2.154292960192027294e+03 -2.856341497887735386e+03 8.771740048153600355e+02
2.232252118966030139e+03 -2.954356310546520490e+03 9.128233410487439414e+02
2.308571786514033192e+03 -3.052688048921704649e+03 9.506945831314598081e+02
2.410210054519941423e+03 -3.182240189763657781e+03 9.991146500443113609e+02
2.487105615849331116e+03 -3.282531730812398564e+03 1.035041122806497469e+03
2.587270419113735443e+03 -3.414723153899549288e+03 1.083763831964547080e+03
