5.259013988195382581e+02 -6.435164972111492716e+02 -2.361758439427539429e+02
5.219072566189367990e+02 -6.396944819451184685e+02 -2.464001324674185867e+02
5.209229444194194230e+02 -6.352200460674968099e+02 -2.534421591285908448e+02
5.182601751570854276e+02 -6.291943152921307956e+02 -2.658192175901487531e+02
5.152002960892142482e+02 -6.255298451685798682e+02 -2.731325970672954213e+02
5.099066205478542884e+02 -6.182572377436471243e+02 -2.844913682655833895e+02
5.039804701675665797e+02 -6.102324010692826732e+02 -2.952798480496629168e+02
5.007095274498533399e+02 -6.047455149335689839e+02 -3.030386623248698470e+02
4.950841652901083307e+02 -5.964380429684925957e+02 -3.120864139170072917e+02
4.895501616779130245e+02 -5.900282304918179079e+02 -3.235018216647266058e+02
4.871271627343270438e+02 -5.845234554992114226e+02 -3.306098021647416658e+02
4.818071128875085378e+02 -5.776658535435173007e+02 -3.458329996503459256e+02
4.750106328573800170e+02 -5.701340388134744899e+02 -3.585039955234372542e+02
4.692843948320535787e+02 -5.650717360727117011e+02 -3.689846491129758874e+02
4.594587708188221882e+02 -5.585206909808568980e+02 -3.820515950061188164e+02
4.494765633896788586e+02 -5.511475292308255121e+02 -3.968303807450415093e+02
4.410385179078505189e+02 -5.471940407281698526e+02 -4.116690285908293845e+02
4.297284360300446338e+02 -5.426031046785457193e+02 -4.238937884475310511e+02
4.225093815563611201e+02 -5.395983652104733892e+02 -4.324957348152411214e+02
4.134080754647347931e+02 -5.346238047750115356e+02 -4.455480593436201389e+02
4.034793609527108060e+02 -5.305119354564313880e+02 -4.576731497365640280e+02
3.940934468410068234e+02 -5.275901943538833621e+02 -4.712939359977792719e+02
3.835479303932121979e+02 -5.246865828965721903e+02 -4.832128398253229307e+02
3.726578996597280025e+02 -5.205507087002293929e+02 -4.959646968795935322e+02
3.613510798696165125e+02 -5.156451376925831482e+02 -5.104919168299531975e+02
3.487886494426367108e+02 -5.094447274657210869e+02 -5.249177850020541882e+02
3.364209557225959202e+02 -5.024180726202754954e+02 -5.387602075911408974e+02
3.238254766694749947e+02 -4.950975121903800868e+02 -5.516749824768359076e+02
3.113480752732438646e+02 -4.878024776636821116e+02 -5.635459762930548777e+02
2.989181759052390248e+02 -4.806898702874615878e+02 -5.750692633270959959e+02
2.864693195840567910e+02 -4.731116992189171810e+02 -5.859624807550242167e+02
2.693881252717093275e+02 -4.613118054376384976e+02 -5.991204378935084378e+02
2.571418163164562998e+02 -4.526440353386510651e+02 -6.090394944446275076e+02
2.439121705692143394e+02 -4.436882714179917571e+02 -6.188923388722657819e+02
2.314317632388862762e+02 -4.333760034868308253e+02 -6.307937213105009278e+02
2.162249898091311024e+02 -4.211190226794197997e+02 -6.432204707612796710e+02
2.040564783565095013e+02 -4.097737609387972384e+02 -6.514509105876703643e+02
1.899586682648297540e+02 -3.948400583239699131e+02 -6.621306224991760701e+02
