0.000000000000000000e+00 0.000000000000000000e+00 0.000000000000000000e+00
6.878385240767892128e+01 -8.696107549483315324e+01 2.230621639586605909e+01
1.149465205760719329e+02 -1.455411480206772978e+02 3.779946237814241528e+01
1.850816729985210998e+02 -2.348423450221618793e+02 6.099901107828833347e+01
2.321546941802082245e+02 -2.949929445494865945e+02 7.658988292466536052e+01
3.036428582422525437e+02 -3.860479544460890224e+02 9.972130070901144450e+01
3.763519839881887492e+02 -4.770206726440162583e+02 1.233375548301297187e+02
4.256980808124106375e+02 -5.369086056573097494e+02 1.389596498522930119e+02
5.008093482865606916e+02 -6.290762026883371618e+02 1.637801380797693866e+02
5.768256180206856243e+02 -7.202686163515516000e+02 1.881381795420959406e+02
6.269347243722321537e+02 -7.808203313294005738e+02 2.058288524963117538e+02
7.033452040620433081e+02 -8.702869775775519656e+02 2.323320290546571130e+02
7.799967128951316226e+02 -9.624398930723809826e+02 2.594927254209791272e+02
8.320580124372270348e+02 -1.023213103677988101e+03 2.760674677400328960e+02
9.100719009896598664e+02 -1.113826668700152595e+03 3.045650764401769379e+02
9.870292241506685968e+02 -1.207572419660265950e+03 3.322847369867038196e+02
1.064547418774010339e+03 -1.300893601255536851e+03 3.605296118611486236e+02
1.143704691447566120e+03 -1.395842736218616437e+03 3.867959062038418097e+02
1.193029929837521422e+03 -1.459038502466770296e+03 4.037047909601135984e+02
1.275666424918762232e+03 -1.553414064106355227e+03 4.267361093500751963e+02
1.358384395819800375e+03 -1.646697295790253747e+03 4.528014024667707531e+02
1.435566546779918099e+03 -1.743459320516992420e+03 4.816295409453466050e+02
1.503573445716399419e+03 -1.846139435273268418e+03 5.067505626587905567e+02
1.577975266233383536e+03 -1.943258746617434554e+03 5.300724605760660779e+02
1.654167912909894767e+03 -2.038697590664694189e+03 5.533736518611510746e+02
1.733390112053175926e+03 -2.133827693101925888e+03 5.779567308714962337e+02
1.814974975849335578e+03 -2.228438144844903491e+03 6.027448801920248798e+02
1.899964102319055655e+03 -2.319204852008868784e+03 6.274630255686839746e+02
1.988225900960120498e+03 -2.405635705997052355e+03 6.534872695568726613e+02
2.081066777223046756e+03 -2.486873792451999179e+03 6.841659582127009571e+02
2.175526005716393229e+03 -2.562788608449041021e+03 7.221684104726773512e+02
2.308001317119645591e+03 -2.675349288921711377e+03 7.751916332200867146e+02
2.401403987385527216e+03 -2.765473030590845610e+03 8.118032265435700765e+02
2.491616786085675358e+03 -2.856975724460858601e+03 8.479044669867016637e+02
2.580249300236338513e+03 -2.948726278345647643e+03 8.825169587592317839e+02
2.693812266085677038e+03 -3.072201748079765821e+03 9.274470284638144904e+02
2.775033642584932750e+03 -3.166668144268830019e+03 9.603877607976330637e+02
2.877772952319058732e+03 -3.292946247946822950e+03 1.004227800398823433e+03
