6.412991611480078973e+02 -2.968302111111120212e+02 1.677268545078918862e+02
6.513658441113277604e+02 -3.116333201055029463e+02 1.811036753126234942e+02
6.583036028796757364e+02 -3.222227905149297271e+02 1.882192603756759013e+02
6.682372663565572566e+02 -3.356681374505528765e+02 1.963537749427285632e+02
6.736683896098973037e+02 -3.430104835103255141e+02 2.028582878598200523e+02
6.807663381832469440e+02 -3.550516786244270975e+02 2.118015330432281473e+02
6.868409144472926755e+02 -3.669896212840295675e+02 2.182984708882026723e+02
6.894768202303489488e+02 -3.759300300778643305e+02 2.241376280173802797e+02
6.923000638970059981e+02 -3.878098392263150913e+02 2.292711135574296577e+02
6.944816248404858925e+02 -3.978844931994867125e+02 2.350441327051690905e+02
6.946050684437669815e+02 -4.065550040906593949e+02 2.396339789911074263e+02
6.964217640671984100e+02 -4.219085513893418238e+02 2.432676792844875706e+02
6.966770841789116275e+02 -4.321746187608047762e+02 2.478612621120425672e+02
6.966987753452895049e+02 -4.401152470138574131e+02 2.517262004723060898e+02
6.964399652807853727e+02 -4.513939316713137941e+02 2.532958020834809076e+02
6.934661742768662407e+02 -4.598929588863202298e+02 2.598992334754566400e+02
6.919033102848593444e+02 -4.719095937705072288e+02 2.634352048616071897e+02
6.900898290247636169e+02 -4.813504794792505095e+02 2.668015061104600250e+02
6.918346132466598419e+02 -4.868569008533210649e+02 2.693294188869631967e+02
6.869256394078587391e+02 -4.939185124191436671e+02 2.756867706351749234e+02
6.831606442899362719e+02 -4.993950434312146740e+02 2.796486032861977833e+02
6.845256116458344877e+02 -4.984928900725471976e+02 2.828471046898299619e+02
6.920091460001132191e+02 -4.933821723453896197e+02 2.871342723310890506e+02
6.928682033134739413e+02 -4.911515422468968382e+02 2.962832943993849426e+02
6.899690991139780181e+02 -4.926837600344323960e+02 3.058133477975193841e+02
6.849002983936975397e+02 -4.925481207893473652e+02 3.136298003381226067e+02
6.754696826244908152e+02 -4.971940673069120180e+02 3.234532854592200692e+02
6.672910580007935550e+02 -5.081517792209133404e+02 3.253740392436696425e+02
6.557159799196565473e+02 -5.160039798344421342e+02 3.306924393401846487e+02
6.390309350813862466e+02 -5.278518655719636854e+02 3.352554699842677337e+02
6.190373748526371855e+02 -5.449799858975455891e+02 3.398443539779909202e+02
5.874707183627775748e+02 -5.681815279930100360e+02 3.393391449306737968e+02
5.709554926425790882e+02 -5.804897491534992469e+02 3.365429656907267599e+02
5.581845330584848170e+02 -5.890371050915995284e+02 3.336875071820929293e+02
5.458718988777135337e+02 -5.957851563698972086e+02 3.317191053545396358e+02
5.310679753226937692e+02 -6.012071999362948418e+02 3.286935962674840539e+02
5.216910913479697456e+02 -6.009497882599428067e+02 3.262620637657349221e+02
5.113060530799868388e+02 -5.990057802749163329e+02 3.254260488847982629e+02
