0.000000000000000000e+00 0.000000000000000000e+00 0.000000000000000000e+00
8.105924776956463518e+01 -5.657611912851483993e+01 4.070427905465037099e+01
1.358128513589311694e+02 -9.459850505170476254e+01 6.829443577547785083e+01
2.189314564106369403e+02 -1.527788197932129606e+02 1.097963376070908055e+02
2.753693887149155444e+02 -1.919141601624801581e+02 1.378611120088589814e+02
3.615992553618854686e+02 -2.515273520531811187e+02 1.805628657459353121e+02
4.477600433677963565e+02 -3.105880532200944799e+02 2.246053080206831964e+02
5.042136770605624179e+02 -3.509797885819844510e+02 2.533729858788780405e+02
5.899647948892131808e+02 -4.119386916986788947e+02 2.965502768833070490e+02
6.768690527474070677e+02 -4.735837473707595677e+02 3.404026535450501569e+02
7.350721927917272751e+02 -5.151692751403290913e+02 3.700222939143251892e+02
8.220322521270293237e+02 -5.782694736927613803e+02 4.156285419645438424e+02
9.102263526292409779e+02 -6.413443146085716080e+02 4.612535740472682733e+02
9.692419133973365888e+02 -6.841467638995637799e+02 4.915164856130014073e+02
1.059298272422447099e+03 -7.475110531757811714e+02 5.370890230428321956e+02
1.149529004401773363e+03 -8.126677588183185890e+02 5.815152233234836103e+02
1.243181782806492947e+03 -8.779282785672100999e+02 6.272191546971902198e+02
1.336239453028060097e+03 -9.440584296454951527e+02 6.744839036484491999e+02
1.398869212880349551e+03 -9.862460301624820431e+02 7.066805827326443250e+02
1.489899615627769208e+03 -1.051731639675038650e+03 7.568092581536177477e+02
1.580982406100437402e+03 -1.120561606159533540e+03 8.046570882274749010e+02
1.672440539010336124e+03 -1.189858315406203474e+03 8.543916763220097437e+02
1.763945376824219011e+03 -1.258825468375183846e+03 9.056428357163982810e+02
1.860732374889210178e+03 -1.327226148242251838e+03 9.523431131166952355e+02
1.953766685273258645e+03 -1.397808665819792395e+03 1.000021358670603490e+03
2.047863200265880323e+03 -1.465835593471200127e+03 1.049327642496308044e+03
2.140706296070896769e+03 -1.533808548951254807e+03 1.100471865066466989e+03
2.232765433042834502e+03 -1.605663076011821886e+03 1.152528034579026325e+03
2.327989754579021792e+03 -1.677644371624815903e+03 1.203091673943871001e+03
2.420950742939433894e+03 -1.747841061580509631e+03 1.251080184401766701e+03
2.512252365420970818e+03 -1.817189918212706289e+03 1.300158660812408698e+03
2.633888879778435239e+03 -1.909562266942398537e+03 1.364488224874439993e+03
2.723273484977837143e+03 -1.977923635672081218e+03 1.412273942392908793e+03
2.811995953175776322e+03 -2.044218340487452906e+03 1.459620344564257039e+03
2.903573009468233977e+03 -2.107229045051699359e+03 1.503140838596752928e+03
3.028927556720818302e+03 -2.186927502186119455e+03 1.562184310147711585e+03
3.131671625007379589e+03 -2.243548164254060794e+03 1.609553233220083484e+03
3.261996244298374677e+03 -2.326827661994090704e+03 1.682647005701622220e+03
