1.947488062712109809e+02 -4.807815745462614245e+02 3.262814998524427210e+02
1.754869690352478813e+02 -4.986805068570691333e+02 3.524761192646315635e+02
1.627571632877700836e+02 -5.086103409395556696e+02 3.700477755896544636e+02
1.425573881480397063e+02 -5.213644676126006061e+02 3.912788793396020424e+02
1.288279579366810594e+02 -5.328233764890876500e+02 4.077591283756702296e+02
1.075759037087156997e+02 -5.413368650206956545e+02 4.317376208095616903e+02
8.771688059819567229e+01 -5.510131914443845744e+02 4.478718038783678708e+02
7.570218790003320919e+01 -5.563481987724883311e+02 4.597428151137418126e+02
5.742167033681970167e+01 -5.600125201079489443e+02 4.723286140176306276e+02
3.488977741537847521e+01 -5.683936014701755539e+02 4.870940715229411353e+02
2.078455763081920438e+01 -5.696642323417581792e+02 4.999570430023740641e+02
2.126250605157844475e+00 -5.716335976679883970e+02 5.153215878268282495e+02
-1.591087191397580014e+01 -5.715724187169878405e+02 5.336532071234001933e+02
-2.779364924660216118e+01 -5.709988555458670589e+02 5.479621285831058231e+02
-4.559964523627957078e+01 -5.714392643869288122e+02 5.638903494123973132e+02
-6.470404933685861693e+01 -5.705560978216514059e+02 5.845783569148613878e+02
-8.551787240217572617e+01 -5.706030024690736582e+02 6.020998088437738716e+02
-1.060953793258125017e+02 -5.720411062884850253e+02 6.159182623195887345e+02
-1.196111527031762023e+02 -5.760487172627480277e+02 6.236203987226498384e+02
-1.365958242751782166e+02 -5.800269690477961149e+02 6.377856337119879981e+02
-1.527689079614679031e+02 -5.796759573297241559e+02 6.538744748182288049e+02
-1.695762164277158206e+02 -5.801109544735891177e+02 6.672716708672661525e+02
-1.844741558842348468e+02 -5.774901692523166048e+02 6.795309606696167748e+02
-2.027849026251034275e+02 -5.740992399878349488e+02 6.947232919393364909e+02
-2.181389668446336145e+02 -5.700955117946632527e+02 7.079032270784797447e+02
-2.331623566016163238e+02 -5.657300208744686643e+02 7.192008380402596686e+02
-2.476003436433844342e+02 -5.631425269816414811e+02 7.290056606505365835e+02
-2.607124722986605434e+02 -5.568578367840925694e+02 7.373028739984936237e+02
-2.754052059783830941e+02 -5.500624664825294303e+02 7.460124848753150673e+02
-2.875356195991793697e+02 -5.441306749016067670e+02 7.560820772606699620e+02
-2.971918673034605263e+02 -5.354157221493525185e+02 7.664838815580206983e+02
-3.110901529518264965e+02 -5.295264511169210664e+02 7.680841173166917315e+02
-3.196681501332220137e+02 -5.270883838410616136e+02 7.783024474038351173e+02
-3.253036148015135041e+02 -5.191384700119955369e+02 7.868028544624421556e+02
-3.313907767431506954e+02 -5.080116338400391669e+02 7.911360875252089500e+02
-3.428072769006247995e+02 -4.986409857711989275e+02 7.864963421938335841e+02
-3.581043198966864338e+02 -4.995373958357649258e+02 7.809257466190190371e+02
-3.753613635168739506e+02 -4.995755374672295375e+02 7.695331244548884797e+02
