0.000000000000000000e+00 0.000000000000000000e+00 0.000000000000000000e+00
7.679990864106881077e+01 -9.600572596750821219e+01 2.532036624816127457e+01
1.282216416986726415e+02 -1.602094082127048580e+02 4.259785958641862891e+01
2.053777229098918156e+02 -2.562547631166919473e+02 6.909059267356759904e+01
2.570292456720820269e+02 -3.192088424963121724e+02 8.693135016249119928e+01
3.345670225258542132e+02 -4.137032982127044534e+02 1.138449248892209198e+02
4.114972099852291194e+02 -5.085171874150712483e+02 1.415339572082770303e+02
4.625461758197903919e+02 -5.714643851403292274e+02 1.600874498522909164e+02
5.398984869867031193e+02 -6.650423557607118710e+02 1.879392175775524549e+02
6.175135894682466642e+02 -7.589415380945375773e+02 2.160534178877468889e+02
6.695681330132938456e+02 -8.211395985081265962e+02 2.343053420236375359e+02
7.478703195864126201e+02 -9.162366475775584149e+02 2.614817831610057510e+02
8.261696105317622596e+02 -1.009971094446089751e+03 2.886002109601253096e+02
8.778610015657274062e+02 -1.073155926454955761e+03 3.070699696898109323e+02
9.569905552880312598e+02 -1.170326834002958776e+03 3.343784514475707965e+02
1.037198893559825365e+03 -1.265887358759240897e+03 3.615296593648490671e+02
1.118352128330875075e+03 -1.359790834194981016e+03 3.884225902806510931e+02
1.198913314977841765e+03 -1.454300630147720312e+03 4.171749727917290329e+02
1.253273172555393330e+03 -1.516086278626297371e+03 4.359120663515517435e+02
1.333353862821272969e+03 -1.610060008005908230e+03 4.655073388035504536e+02
1.413629487799119033e+03 -1.704144392259975348e+03 4.940716508419502588e+02
1.492494456676512300e+03 -1.800718983648450148e+03 5.253208187296908136e+02
1.574612115347125382e+03 -1.895498591240778069e+03 5.549982844460943170e+02
1.655936828064991005e+03 -1.991020782274742714e+03 5.851317817134440702e+02
1.731962715332353127e+03 -2.083028918537672780e+03 6.173747589364936630e+02
1.812816518389956627e+03 -2.174793953751852314e+03 6.499305643722314016e+02
1.895698052422454793e+03 -2.268897893574597219e+03 6.815652025701693901e+02
1.983339347548007936e+03 -2.365196280044314335e+03 7.119404234121196851e+02
2.063374869143277920e+03 -2.467117891875926034e+03 7.392339946676564750e+02
2.142945516203836632e+03 -2.562321338183162879e+03 7.674121720974894743e+02
2.223512807725263428e+03 -2.654218594815371944e+03 7.967376298375218084e+02
2.328805206085670306e+03 -2.775891430192029929e+03 8.374138620974904370e+02
2.407967439468243356e+03 -2.865735722112263829e+03 8.673274561743055528e+02
2.487075493618907331e+03 -2.956601312732653241e+03 8.961080613589406312e+02
2.568433165731163626e+03 -3.047236482629253260e+03 9.250027908862730328e+02
2.675414456366327158e+03 -3.167559448759241150e+03 9.649631563220100361e+02
2.754978227858201080e+03 -3.250546216218618611e+03 1.001513913382574515e+03
2.865032043293940205e+03 -3.370657979719351715e+03 1.044062777282136949e+03
