0.000000000000000000e+00 0.000000000000000000e+00 0.000000000000000000e+00
8.360772768094511775e+01 -5.541281487445031928e+01 4.012932697194499099e+01
1.396946499999949651e+02 -9.334638717873758651e+01 6.731134093057640655e+01
2.218017840029488923e+02 -1.493664224519946515e+02 1.093005589955685650e+02
2.764715004135833283e+02 -1.890268391285090956e+02 1.377174330428424014e+02
3.600596763515533212e+02 -2.525526137370800939e+02 1.812006987001547600e+02
4.463208083308639971e+02 -3.143372582127035457e+02 2.228889836189095206e+02
5.058600299261405553e+02 -3.535520965878931179e+02 2.513450893648457907e+02
5.947129767503703306e+02 -4.119167061447650440e+02 2.959302730428410086e+02
6.811736181979334788e+02 -4.732246431462423288e+02 3.430002246676576760e+02
7.399347922304301619e+02 -5.154368193796194646e+02 3.739255952437288784e+02
8.275185697193444412e+02 -5.813981709896652319e+02 4.201674643426938474e+02
9.178836412998535934e+02 -6.465971907976379498e+02 4.605339821270396783e+02
9.779710768537637477e+02 -6.888254354357532065e+02 4.899227315657311124e+02
1.069500975775474899e+03 -7.539693586115237167e+02 5.347502185967542800e+02
1.160328900974886210e+03 -8.208280732053275415e+02 5.813511502067954098e+02
1.254565068744461996e+03 -8.910571020679476533e+02 6.278813479468248033e+02
1.351436509069422755e+03 -9.580245197636727426e+02 6.755044547710543839e+02
1.414029888714913568e+03 -1.002003007695721294e+03 7.104786161299875857e+02
1.504870811846378274e+03 -1.066665013796163748e+03 7.587578679320538413e+02
1.595781575081236724e+03 -1.131547303884786288e+03 8.054525529689830137e+02
1.686629560856713624e+03 -1.198228026691288051e+03 8.525811798966085462e+02
1.777973844785819892e+03 -1.267486760768103977e+03 8.997699816691384740e+02
1.870588559335301397e+03 -1.337697435923199464e+03 9.469478442540631704e+02
1.965061668892169337e+03 -1.406574924889218210e+03 9.946137201624885620e+02
2.059371468700146124e+03 -1.473279861683900890e+03 1.045536210930583138e+03
2.153721194977843425e+03 -1.541046661580510772e+03 1.096084435937965736e+03
2.247810694047268498e+03 -1.609218500664700287e+03 1.146554060709013356e+03
2.343308586765133441e+03 -1.678023885450516900e+03 1.196222980384047787e+03
2.444335471713441166e+03 -1.747618298537670398e+03 1.243535088906946612e+03
2.550349836351553677e+03 -1.816271714711969025e+03 1.299737214579032297e+03
2.679726670339727207e+03 -1.912683891078296483e+03 1.381113361772533153e+03
2.776282097887742566e+03 -1.987136148478586165e+03 1.438627380664699103e+03
2.873920653988182494e+03 -2.062903087193509691e+03 1.492863304785827495e+03
2.974927010059082477e+03 -2.134268328271797145e+03 1.545282969246685752e+03
3.105252663338251750e+03 -2.224541194785825610e+03 1.616519001787296475e+03
3.199682088759228009e+03 -2.292749931521424514e+03 1.670110894638114587e+03
3.325237971329395805e+03 -2.384785899069427614e+03 1.739869225243722212e+03
