1.542529486055711914e+02 -5.168454871772213437e+02 3.835426840489947722e+02
1.341470636847681988e+02 -5.309729384602024993e+02 4.134767384257960998e+02
1.211617966063456464e+02 -5.383902626631875137e+02 4.324676048061505753e+02
1.045230046776026285e+02 -5.488311287013830224e+02 4.590146564710905750e+02
9.367779857131822041e+01 -5.537678704063473560e+02 4.744688619645025369e+02
7.576350775792745651e+01 -5.565863982504619116e+02 4.978908039957575511e+02
5.556315547457032267e+01 -5.598381671934154156e+02 5.211533984784384756e+02
4.063203053578330071e+01 -5.653800337259658590e+02 5.369523333072039577e+02
1.919611303714408734e+01 -5.722763482919921216e+02 5.571197493314557505e+02
6.218440288914280911e-01 -5.767310305821046086e+02 5.737510914782252485e+02
-1.244841425126289813e+01 -5.785442337805724264e+02 5.850172545615617992e+02
-3.128641522745112979e+01 -5.779463605986446737e+02 6.022616154443799132e+02
-5.209121460606641563e+01 -5.772488034969384216e+02 6.234963208126246172e+02
-6.550293872039803489e+01 -5.789272070452890375e+02 6.358996438977861771e+02
-8.538058442680637938e+01 -5.784723443354610026e+02 6.504970316244962305e+02
-1.042839360710578376e+02 -5.774745644668450950e+02 6.650870140281100475e+02
-1.251467780613373151e+02 -5.745144122724418594e+02 6.780587215548122231e+02
-1.466562107247006281e+02 -5.719463049698189252e+02 6.861711151419614225e+02
-1.592592994126052304e+02 -5.729391917274326715e+02 6.914839874691112982e+02
-1.752381305608382718e+02 -5.729810388311888119e+02 7.008133921946366627e+02
-1.899614393782906632e+02 -5.711912767347459976e+02 7.105680845767317351e+02
-2.042759445648189285e+02 -5.689384276561901288e+02 7.199477050289837052e+02
-2.185924539332089012e+02 -5.666746814044352050e+02 7.295264353949688712e+02
-2.334951598336667757e+02 -5.617740310178303389e+02 7.392925658810542018e+02
-2.490796484635451975e+02 -5.588379318782325527e+02 7.469632298717688172e+02
-2.636632160832044747e+02 -5.574145557662933470e+02 7.525293959169264326e+02
-2.778695384832581112e+02 -5.551166510994096370e+02 7.564547895997098976e+02
-2.918278687718275819e+02 -5.497126657669971337e+02 7.625890124752294241e+02
-3.054515650595273542e+02 -5.437441892316026042e+02 7.680370903345429952e+02
-3.230536690086213980e+02 -5.337254118829580420e+02 7.723339889047546194e+02
-3.430787293392406241e+02 -5.278260887149755263e+02 7.719387747413580882e+02
-3.604219740151073097e+02 -5.121265934318604423e+02 7.670659499482742376e+02
-3.729662719541402112e+02 -5.027560300826142452e+02 7.661962445726466058e+02
-3.853363496356772089e+02 -4.894979209611715874e+02 7.663878651599104614e+02
-3.988920913344399537e+02 -4.793888307241663824e+02 7.669834529868708159e+02
-4.136141551325574142e+02 -4.715272418052671810e+02 7.680059867760045336e+02
-4.228320940964608212e+02 -4.651817716324913476e+02 7.704140249269337346e+02
-4.353629736961002550e+02 -4.541315557280883581e+02 7.748039761818860143e+02
