0.000000000000000000e+00 0.000000000000000000e+00 0.000000000000000000e+00
6.328991658789066577e+01 -8.493049626292035725e+01 2.646711456425267173e+01
1.044047719940976151e+02 -1.438824768242262166e+02 4.588292626292570731e+01
1.684609324224517479e+02 -2.322819350960145357e+02 7.401654799114152183e+01
2.115831430723820574e+02 -2.897243042097480270e+02 9.111379319054985615e+01
2.749576313146255870e+02 -3.770480869128493282e+02 1.172848592466826716e+02
3.382354447415066261e+02 -4.683002442392940452e+02 1.447675137813944843e+02
3.814640399409177576e+02 -5.262625630132961305e+02 1.614726664254118020e+02
4.458042968094553089e+02 -6.163059866026591180e+02 1.877144150369247768e+02
5.098340657902474504e+02 -7.081034896454905265e+02 2.161875123929133622e+02
5.563379604135925547e+02 -7.689242028212703417e+02 2.352022115066502010e+02
6.214745311669155399e+02 -8.620602648744450107e+02 2.647501582127102893e+02
6.890272771196520125e+02 -9.538365892171298128e+02 2.932219717429908883e+02
7.324007715361891542e+02 -1.015528937311671598e+03 3.122546101033950663e+02
8.014397002363392630e+02 -1.105557280014767457e+03 3.392264286262918063e+02
8.681892102658807744e+02 -1.197814287296897419e+03 3.674152419793234117e+02
9.408945944165488982e+02 -1.289879784726728985e+03 3.952203650812435285e+02
1.012631588522899278e+03 -1.384089778552436655e+03 4.235823187887807535e+02
1.061482414313151367e+03 -1.445748320531753507e+03 4.415542822156609759e+02
1.134208898094533424e+03 -1.542866173618907851e+03 4.711771896602717788e+02
1.207525415361889372e+03 -1.638818207415062489e+03 5.011036462629243715e+02
1.280282152924664160e+03 -1.734042997370748026e+03 5.319433135746012340e+02
1.354907022584931610e+03 -1.829845157858198945e+03 5.632775050369328937e+02
1.430233226336786402e+03 -1.924997146779905734e+03 5.952306853618924833e+02
1.506108544771051356e+03 -2.021169984726738221e+03 6.281752400590847856e+02
1.582161460841946564e+03 -2.116044923737070349e+03 6.603519882127096707e+02
1.657362150812410164e+03 -2.211848468847852928e+03 6.919945740177236075e+02
1.733809002437223398e+03 -2.306688891979313212e+03 7.236494774446074416e+02
1.810518251152139783e+03 -2.402197827695717478e+03 7.561310115066438584e+02
1.887152953028071352e+03 -2.498184427370748836e+03 7.886945944460911733e+02
1.963823805110784861e+03 -2.595318037946818094e+03 8.220434274446080281e+02
2.067135801270313095e+03 -2.726735896779908217e+03 8.673495253323470706e+02
2.143582826248158653e+03 -2.822710654460849128e+03 9.014744143131520104e+02
2.220294569261446213e+03 -2.920504194726735477e+03 9.366355819202348130e+02
2.297703447385527852e+03 -3.019020947991134108e+03 9.747634706499312642e+02
2.400131187621860590e+03 -3.148039483899554398e+03 1.024628979350080954e+03
2.479855304180204257e+03 -3.246764002496306148e+03 1.062145504859672656e+03
2.585334331314626525e+03 -3.379034403220091463e+03 1.112264235258491226e+03
