4.902146814962430312e+02 -5.771008175593857459e+02 -2.743678975800519311e+02
4.880582982264852490e+02 -5.821211922854259910e+02 -2.917720884159966772e+02
4.884111393245306090e+02 -5.833443963691191811e+02 -3.034690609994011083e+02
4.863249583330372730e+02 -5.855590656837633787e+02 -3.219109351088147832e+02
4.848217228529366594e+02 -5.872473024550756691e+02 -3.338802234726554161e+02
4.837370241187595070e+02 -5.908027933131221516e+02 -3.504273205709726540e+02
4.812700841491932806e+02 -5.919898782681449347e+02 -3.668968888888956599e+02
4.804054102981293113e+02 -5.936234413582519664e+02 -3.752846748172050866e+02
4.778746614056054227e+02 -5.943911748281975633e+02 -3.875139904910396353e+02
4.760650568415917405e+02 -5.917534185486973684e+02 -4.048759091302901538e+02
4.700360328949098516e+02 -5.922020981843012351e+02 -4.152150731987078416e+02
4.661617958821859702e+02 -5.925967247065476613e+02 -4.318254429101850178e+02
4.590112001185493114e+02 -5.945549138766450596e+02 -4.436763313780350586e+02
4.575076548740653379e+02 -5.927942601743670821e+02 -4.522382792973708092e+02
4.523165540116328884e+02 -5.902345556276497973e+02 -4.635150728724925102e+02
4.478073292152709541e+02 -5.891096296025116317e+02 -4.763073309657547156e+02
4.374358228166336744e+02 -5.869966910532629072e+02 -4.908477710908356926e+02
4.277112224873408195e+02 -5.848368599195465549e+02 -5.047003129427546924e+02
4.207980085864199964e+02 -5.857894130345879375e+02 -5.117283911419114588e+02
4.109956309250469531e+02 -5.813809115185006249e+02 -5.217778279451307526e+02
4.014368303980871246e+02 -5.773384148923529438e+02 -5.312851196000335676e+02
3.914064118939966193e+02 -5.726649061134222620e+02 -5.426397471460338693e+02
3.799454733962120940e+02 -5.659270420494982545e+02 -5.541299782943489163e+02
3.700225998393734699e+02 -5.598330649957096057e+02 -5.636360518990535411e+02
3.587741647136613210e+02 -5.524842907824967142e+02 -5.740003111761853916e+02
3.475591404556644761e+02 -5.447266849513031275e+02 -5.834888506147017324e+02
3.368767856269633967e+02 -5.357962244071914029e+02 -5.928452926141789021e+02
3.253280297268684649e+02 -5.265100561720690848e+02 -6.028854213621062854e+02
3.136721476223427203e+02 -5.168859424170773309e+02 -6.139038344275421650e+02
3.025968645942256785e+02 -5.079340280860457710e+02 -6.257073576130218271e+02
2.908286870086243425e+02 -5.007153399146853303e+02 -6.372966835169911519e+02
2.738199926876397967e+02 -4.906367155474621882e+02 -6.512364823145940136e+02
2.625615840802789762e+02 -4.842744099104090765e+02 -6.624959248540277486e+02
2.503851571240396368e+02 -4.770642416209636281e+02 -6.717030597381334474e+02
2.369538357189153146e+02 -4.692479326296538034e+02 -6.829233196067266363e+02
2.197157180847469817e+02 -4.594989628036937006e+02 -6.960101185288287979e+02
2.051684898760147462e+02 -4.494803048550253948e+02 -7.057275676186866349e+02
1.864401755258164997e+02 -4.342332507462960507e+02 -7.172547658891448918e+02
