0.000000000000000000e+00 0.000000000000000000e+00 0.000000000000000000e+00
6.402209787297020682e+01 -9.051713878877603747e+01 2.439486494829858643e+01
1.070837845051770358e+02 -1.508177021270343516e+02 3.985712119645156548e+01
1.720760697636698637e+02 -2.421123807533261925e+02 6.229253960118190037e+01
2.156114629099027979e+02 -3.034133698227437890e+02 7.791811807976013426e+01
2.800263098522937639e+02 -3.953284947415051533e+02 1.032022190989648323e+02
3.453887645642583379e+02 -4.872203703840511935e+02 1.279578161447555118e+02
3.892871012112328231e+02 -5.482723907385565099e+02 1.446701477400313820e+02
4.563555038700193904e+02 -6.404747239438710267e+02 1.687755282865580853e+02
5.247470300590877059e+02 -7.345536337075341180e+02 1.933007490546544886e+02
5.708468111078321954e+02 -7.979444500295417129e+02 2.105026855243741579e+02
6.395373611669136835e+02 -8.930118028508157977e+02 2.390984454505140775e+02
7.085101590103421358e+02 -9.857886578434312241e+02 2.659023666174308573e+02
7.544884853323551397e+02 -1.046453252614479879e+03 2.828264323042795922e+02
8.255905215805023545e+02 -1.139775169483012633e+03 3.081096292171396271e+02
8.969550983160984288e+02 -1.233008356085668993e+03 3.348906927474153576e+02
9.681772022452025794e+02 -1.326813372274744324e+03 3.641975049926140855e+02
1.039035183840473792e+03 -1.419243979364845927e+03 3.940326986853795006e+02
1.086948342968981706e+03 -1.481413759438700936e+03 4.142205881831652050e+02
1.159609443781393793e+03 -1.574905454298377435e+03 4.436590820974901135e+02
1.232372260457901575e+03 -1.668973017902505262e+03 4.757979245347151505e+02
1.305912730457905809e+03 -1.762859914667654948e+03 5.074551119202356517e+02
1.380472363397348545e+03 -1.857685006381089124e+03 5.413707632496356155e+02
1.455160207311671911e+03 -1.952553061920240225e+03 5.764064077400264523e+02
1.530839598301335855e+03 -2.047235186735601474e+03 6.129033047415022111e+02
1.608939468626290818e+03 -2.143435459025113687e+03 6.477232603988186384e+02
1.687812470901038751e+03 -2.241722664549486581e+03 6.825307611373747250e+02
1.767117036115211704e+03 -2.340220683545049724e+03 7.170477736632175265e+02
1.845839740443128903e+03 -2.439702330118169357e+03 7.545059965140376335e+02
1.922261681107828053e+03 -2.535484030827175957e+03 7.918919072230414713e+02
1.999445860206792986e+03 -2.631627343604130601e+03 8.264737415361940975e+02
2.103717404460855050e+03 -2.763002852555388472e+03 8.735301621713451823e+02
2.181749737725265732e+03 -2.862855742762189493e+03 9.117767196602709419e+02
2.258884265096013678e+03 -2.961453515937965676e+03 9.509525679615918534e+02
2.335592119261450989e+03 -3.059750493618907058e+03 9.893638879911333106e+02
2.438161840856726030e+03 -3.190174986883308065e+03 1.038986099128504065e+03
2.515947735066469704e+03 -3.291962940679468375e+03 1.075487142437224520e+03
2.618052575007385258e+03 -3.427409167075331879e+03 1.126501855243718182e+03
