0.000000000000000000e+00 0.000000000000000000e+00 0.000000000000000000e+00
7.790615066470111572e+01 -9.601109392910130680e+01 2.491767741506102141e+01
1.295101537223113439e+02 -1.599422565583473954e+02 4.160082156572523360e+01
2.059173685228948898e+02 -2.554920645494802613e+02 6.833682514032105360e+01
2.570869122008866725e+02 -3.181891857754824855e+02 8.675136564253809013e+01
3.328396841063571401e+02 -4.118977709305742110e+02 1.140786391580436003e+02
4.104969718316103808e+02 -5.070688974002993064e+02 1.421060100295442510e+02
4.620076371344162567e+02 -5.708970428951225813e+02 1.608251633234851568e+02
5.399986491728274132e+02 -6.653330189069419021e+02 1.891788264254062994e+02
6.172741274889229999e+02 -7.582110262924630888e+02 2.171569025553927759e+02
6.680243350073849342e+02 -8.209917717725267039e+02 2.353176982570097948e+02
7.479909751255599986e+02 -9.154466155096019975e+02 2.615829305612933808e+02
8.248011568980815582e+02 -1.009605722850808206e+03 2.882970371934987384e+02
8.778734384194993936e+02 -1.074688254889212430e+03 3.064595640324898795e+02
9.558460082274746128e+02 -1.169784198286553192e+03 3.337101756720797425e+02
1.035369137001480567e+03 -1.263232434963074184e+03 3.584338236632230519e+02
1.113340433973420886e+03 -1.358406140428357276e+03 3.871717939438634062e+02
1.194199436011822854e+03 -1.453199381831604342e+03 4.145086457607071679e+02
1.248345017282133767e+03 -1.516730553618908289e+03 4.331772975332289661e+02
1.329429448330872901e+03 -1.609553640147712940e+03 4.612720133973385828e+02
1.408391490000003159e+03 -1.705415921373704805e+03 4.920526412407663770e+02
1.487958677223044560e+03 -1.801608180162478902e+03 5.216337925406229488e+02
1.569427902644024698e+03 -1.897642622112256049e+03 5.519287852289521652e+02
1.651115276085677351e+03 -1.994599265612996533e+03 5.831174467208227270e+02
1.730018752422455691e+03 -2.091232216706050622e+03 6.144425353471178823e+02
1.811260849807975774e+03 -2.183251496646966189e+03 6.461463661299862906e+02
1.895453365494837726e+03 -2.275680276617431900e+03 6.768762827769520527e+02
1.981178645258501774e+03 -2.370132875258490913e+03 7.071471380354462326e+02
2.064592942865584064e+03 -2.472752897267350818e+03 7.342148484933480859e+02
2.141655481802074064e+03 -2.567872138035449098e+03 7.622079940915823499e+02
2.220441810797643029e+03 -2.660884475775475039e+03 7.908991379615952155e+02
2.325383650974892134e+03 -2.781650925066473519e+03 8.296282304579042375e+02
2.403908220679474653e+03 -2.871859743367793271e+03 8.587539073264376839e+02
2.481589304032504060e+03 -2.961826562245194054e+03 8.886698795125553261e+02
2.560817545775485087e+03 -3.051199071491878840e+03 9.189632879172796720e+02
2.665466320841948345e+03 -3.169496310709009322e+03 9.617814991432805982e+02
2.746910245642548034e+03 -3.256687969601181521e+03 9.937124234416503441e+02
2.854894559867064800e+03 -3.375611261270310933e+03 1.039778688508127971e+03
