7.555071635679502151e+02 -3.642161745757694007e+02 1.691163894791149005e+02
7.534991978029922848e+02 -3.726597296401311610e+02 1.751650499033914059e+02
7.540935856155367674e+02 -3.790936179398099739e+02 1.780637372020959219e+02
7.559772212838081487e+02 -3.872292508312407335e+02 1.808709123789198543e+02
7.570049744087182262e+02 -3.933707144652729539e+02 1.827994687773922067e+02
7.592837207981449410e+02 -4.028427289722983460e+02 1.866465685685007259e+02
7.597911441503612195e+02 -4.102249681720957710e+02 1.900362739773014766e+02
7.603948572935287302e+02 -4.159612663872308076e+02 1.924711152383744377e+02
7.609524315033868334e+02 -4.249859789366770428e+02 1.948419721712969874e+02
7.628178022665636036e+02 -4.329914831928405761e+02 1.986475454522031896e+02
7.641446163546696653e+02 -4.385727999167124835e+02 2.027285114189380977e+02
7.640062613008415155e+02 -4.481415526461063905e+02 2.086858221845516823e+02
7.674207039726308039e+02 -4.574265335068303102e+02 2.127961187796497313e+02
7.673859826945584928e+02 -4.598651234261885179e+02 2.172095776613824967e+02
7.681421866334038668e+02 -4.677462143523054010e+02 2.239422074614308258e+02
7.669130759242767681e+02 -4.754830897641469392e+02 2.332032370040242597e+02
7.654138926569003161e+02 -4.825807205181293398e+02 2.390384353216453803e+02
7.604549661516545029e+02 -4.872047653769200792e+02 2.459861005361239279e+02
7.558562834881230401e+02 -4.919269821599928036e+02 2.504928351059952547e+02
7.500758313387203771e+02 -5.032120373009453260e+02 2.545539974940930392e+02
7.433169272423783696e+02 -5.101588156017901383e+02 2.599741736033390680e+02
7.491519473647715586e+02 -5.164625316530051578e+02 2.543754364493572098e+02
7.452941342123689310e+02 -5.187192539764625963e+02 2.552071421185441125e+02
7.321613313479691669e+02 -5.192521012002902125e+02 2.667584041233596395e+02
7.165761097374845576e+02 -5.365326185544602140e+02 2.781702220121801474e+02
7.065014961983298463e+02 -5.559152984780771476e+02 2.807769868824913715e+02
6.963532618414143371e+02 -5.717313243782122072e+02 2.811212505714923964e+02
6.850196734725481065e+02 -5.836097468270570516e+02 2.805885919088352125e+02
6.759323778750408565e+02 -5.885093898272357364e+02 2.830309663900471833e+02
6.696733070087527722e+02 -5.976781897607100973e+02 2.854654227811173541e+02
6.610181969858722368e+02 -6.055234943656460018e+02 2.867062497402042709e+02
6.493207778526457332e+02 -6.156737880440748540e+02 2.860730977391410761e+02
6.425986226751988397e+02 -6.224638984174512188e+02 2.851801407522230534e+02
6.373318431434174727e+02 -6.267203765008891878e+02 2.813884873398981199e+02
6.308734824116577329e+02 -6.294316142216075605e+02 2.770885054767682618e+02
6.229752965937544786e+02 -6.303024404580387454e+02 2.770375314263235396e+02
6.176874734793256039e+02 -6.262937015698456662e+02 2.785073670416314826e+02
6.103767011134933682e+02 -6.168765604930664495e+02 2.839489182006997225e+02
