0.000000000000000000e+00 0.000000000000000000e+00 0.000000000000000000e+00
6.346879519940777215e+01 -8.420283134415899440e+01 2.761721038405084627e+01
1.065680371344244577e+02 -1.401000315361904427e+02 4.522754143279711059e+01
1.714254154209745593e+02 -2.241068190103349309e+02 7.197680425406696259e+01
2.148940931610076746e+02 -2.808837480945274478e+02 8.999215153619773844e+01
2.806085340029530357e+02 -3.638586054061994446e+02 1.156417622451998426e+02
3.471086089955691705e+02 -4.490914038995542228e+02 1.419875244165500874e+02
3.915032150960130366e+02 -5.061431134121048103e+02 1.609179428508185197e+02
4.600333344460898957e+02 -5.919265317577519454e+02 1.867431242688411999e+02
5.268708774298401067e+02 -6.770198703249568553e+02 2.116837102067960075e+02
5.734941375923244777e+02 -7.351184325849354764e+02 2.279129477400369410e+02
6.416626628212740115e+02 -8.228063494239243028e+02 2.531190744756360118e+02
7.105029701034015943e+02 -9.107743804874393163e+02 2.769605674002968954e+02
7.565883371639574762e+02 -9.703552859379616393e+02 2.930296256425509114e+02
8.263972478877482217e+02 -1.060738614918755275e+03 3.170498439438803189e+02
8.969223762776963440e+02 -1.152954449970451378e+03 3.421554816986732703e+02
9.678825355243709510e+02 -1.246449227784336244e+03 3.683794286410656014e+02
1.039407202629251287e+03 -1.341186288301323430e+03 3.955367551698763577e+02
1.087269198892170607e+03 -1.405233554889214702e+03 4.145495277400369218e+02
1.159979197976372006e+03 -1.501450991152142251e+03 4.431986830280695244e+02
1.234461895081244165e+03 -1.597717702998514369e+03 4.721920077104958864e+02
1.309218433840480657e+03 -1.693934474652871586e+03 5.018110859231968561e+02
1.384509240664704066e+03 -1.790922007548002512e+03 5.306711333234953827e+02
1.460217797961602628e+03 -1.889072000443127763e+03 5.592272889364908224e+02
1.535145954194975957e+03 -1.987160738611517900e+03 5.881468505022158979e+02
1.610800053264402322e+03 -2.085697871536190632e+03 6.190618972821275747e+02
1.686885207400299350e+03 -2.184970108847856864e+03 6.515560474150679511e+02
1.762969365184637809e+03 -2.283723630989660251e+03 6.852303666617516456e+02
1.839861546085677446e+03 -2.382476267621853822e+03 7.186245120679475349e+02
1.917091004859679742e+03 -2.480360117134413031e+03 7.523748321418114529e+02
1.992454194889223345e+03 -2.579349326277694672e+03 7.886271678434289925e+02
2.095510206824232682e+03 -2.713496341388477504e+03 8.359333153323589158e+02
2.172972843870023098e+03 -2.812934282422450451e+03 8.687168113293990928e+02
2.248290173456432058e+03 -2.910823592836041371e+03 9.023190139881911591e+02
2.322208738271791390e+03 -3.008721417547998954e+03 9.383948293648546723e+02
2.423808325568692908e+03 -3.141025183515500885e+03 9.857911684047281824e+02
2.502515539675037871e+03 -3.240994094711955768e+03 1.020308707680948942e+03
2.602765363279176654e+03 -3.371043674268834820e+03 1.068334078877407819e+03
