5.427857916777410310e+02 -5.376285885347484736e+02 -3.444367159952736301e+02
5.389544073104988229e+02 -5.436378208402398968e+02 -3.599461641490096895e+02
5.333176791115740798e+02 -5.495420168354486350e+02 -3.712624451832394925e+02
5.286570834843495277e+02 -5.544323047820861348e+02 -3.868716713701596746e+02
5.246909480130583461e+02 -5.583872518001167009e+02 -3.981491050880470084e+02
5.196855975121193296e+02 -5.645492978748856103e+02 -4.122152125669210818e+02
5.116602957335178985e+02 -5.695926045619382876e+02 -4.263680098692269098e+02
5.074696090450264592e+02 -5.726857723676894238e+02 -4.372289805517611967e+02
4.997481493833930131e+02 -5.759638928597946688e+02 -4.501922184077411657e+02
4.920602000535618004e+02 -5.818989660481663577e+02 -4.618766166797657888e+02
4.862056518620383940e+02 -5.828961114419269052e+02 -4.692391810771965766e+02
4.788193323671434314e+02 -5.855860732661965358e+02 -4.801696251186900213e+02
4.708033793573495132e+02 -5.874422000949209632e+02 -4.886113599410237498e+02
4.650625475589308735e+02 -5.889548342443260935e+02 -4.945379250697164935e+02
4.571327356800338748e+02 -5.886276528533179544e+02 -5.020104916677256597e+02
4.479068494732963472e+02 -5.863908910045065568e+02 -5.102398972444602236e+02
4.401593400329257406e+02 -5.836568934180534143e+02 -5.178245076060391057e+02
4.293147473460577430e+02 -5.789207593234395972e+02 -5.268519985220217450e+02
4.229630362306450593e+02 -5.741958703045572747e+02 -5.333697191893213585e+02
4.132219734733513974e+02 -5.679011251936191229e+02 -5.417372553946009930e+02
4.008221703628489649e+02 -5.605476781385751792e+02 -5.505198307308178300e+02
3.890294931157104656e+02 -5.529700278692625943e+02 -5.594859944010235040e+02
3.749211297079098131e+02 -5.445746482658528294e+02 -5.677132207612858110e+02
3.623509976159595567e+02 -5.352062653669147494e+02 -5.751311494539500018e+02
3.498360115752984143e+02 -5.269478723924426049e+02 -5.831204736280186580e+02
3.361977318487517437e+02 -5.174563797054637462e+02 -5.928954403197457168e+02
3.233099998996308386e+02 -5.082549283489949516e+02 -6.037227561106813027e+02
3.096604475270503372e+02 -4.981010627540316023e+02 -6.151822208825162761e+02
2.962332489967076299e+02 -4.883521740684635120e+02 -6.263656466154130840e+02
2.833086693095841042e+02 -4.801377033753620935e+02 -6.369338354096596504e+02
2.703300231915719678e+02 -4.698536903284180539e+02 -6.489406704206402310e+02
2.520569845238935329e+02 -4.562754044685621579e+02 -6.622830734288339727e+02
2.390428098240987538e+02 -4.470354978100498329e+02 -6.698741412295847795e+02
2.285447344547292516e+02 -4.385599765106308610e+02 -6.773627248590244108e+02
2.181547206085768948e+02 -4.300406846839955506e+02 -6.861087372218642031e+02
2.033986097139949720e+02 -4.179363357200260225e+02 -6.952364130965795539e+02
1.912756617269919275e+02 -4.081973751702580557e+02 -7.010028416178415682e+02
1.770113574647270980e+02 -3.964684591729935050e+02 -7.099649621593382562e+02
